timestamp,date,activity
2004-01-27 01:48:00,2004-01-27,0
2004-01-27 01:49:00,2004-01-27,0
2004-01-27 01:50:00,2004-01-27,0
2004-01-27 01:51:00,2004-01-27,0
2004-01-27 01:52:00,2004-01-27,0
2004-01-27 01:53:00,2004-01-27,0
2004-01-27 01:54:00,2004-01-27,0
2004-01-27 01:55:00,2004-01-27,0
2004-01-27 01:56:00,2004-01-27,0
2004-01-27 01:57:00,2004-01-27,0
2004-01-27 01:58:00,2004-01-27,0
2004-01-27 01:59:00,2004-01-27,0
2004-01-27 02:00:00,2004-01-27,0
2004-01-27 02:01:00,2004-01-27,0
2004-01-27 02:02:00,2004-01-27,0
2004-01-27 02:03:00,2004-01-27,0
2004-01-27 02:04:00,2004-01-27,0
2004-01-27 02:05:00,2004-01-27,0
2004-01-27 02:06:00,2004-01-27,0
2004-01-27 02:07:00,2004-01-27,0
2004-01-27 02:08:00,2004-01-27,0
2004-01-27 02:09:00,2004-01-27,0
2004-01-27 02:10:00,2004-01-27,0
2004-01-27 02:11:00,2004-01-27,0
2004-01-27 02:12:00,2004-01-27,0
2004-01-27 02:13:00,2004-01-27,0
2004-01-27 02:14:00,2004-01-27,0
2004-01-27 02:15:00,2004-01-27,0
2004-01-27 02:16:00,2004-01-27,0
2004-01-27 02:17:00,2004-01-27,0
2004-01-27 02:18:00,2004-01-27,0
2004-01-27 02:19:00,2004-01-27,0
2004-01-27 02:20:00,2004-01-27,0
2004-01-27 02:21:00,2004-01-27,0
2004-01-27 02:22:00,2004-01-27,0
2004-01-27 02:23:00,2004-01-27,0
2004-01-27 02:24:00,2004-01-27,0
2004-01-27 02:25:00,2004-01-27,0
2004-01-27 02:26:00,2004-01-27,0
2004-01-27 02:27:00,2004-01-27,0
2004-01-27 02:28:00,2004-01-27,0
2004-01-27 02:29:00,2004-01-27,0
2004-01-27 02:30:00,2004-01-27,0
2004-01-27 02:31:00,2004-01-27,0
2004-01-27 02:32:00,2004-01-27,0
2004-01-27 02:33:00,2004-01-27,0
2004-01-27 02:34:00,2004-01-27,0
2004-01-27 02:35:00,2004-01-27,0
2004-01-27 02:36:00,2004-01-27,0
2004-01-27 02:37:00,2004-01-27,0
2004-01-27 02:38:00,2004-01-27,0
2004-01-27 02:39:00,2004-01-27,0
2004-01-27 02:40:00,2004-01-27,0
2004-01-27 02:41:00,2004-01-27,0
2004-01-27 02:42:00,2004-01-27,0
2004-01-27 02:43:00,2004-01-27,0
2004-01-27 02:44:00,2004-01-27,0
2004-01-27 02:45:00,2004-01-27,0
2004-01-27 02:46:00,2004-01-27,0
2004-01-27 02:47:00,2004-01-27,0
2004-01-27 02:48:00,2004-01-27,0
2004-01-27 02:49:00,2004-01-27,0
2004-01-27 02:50:00,2004-01-27,0
2004-01-27 02:51:00,2004-01-27,0
2004-01-27 02:52:00,2004-01-27,0
2004-01-27 02:53:00,2004-01-27,0
2004-01-27 02:54:00,2004-01-27,0
2004-01-27 02:55:00,2004-01-27,0
2004-01-27 02:56:00,2004-01-27,0
2004-01-27 02:57:00,2004-01-27,0
2004-01-27 02:58:00,2004-01-27,0
2004-01-27 02:59:00,2004-01-27,0
2004-01-27 03:00:00,2004-01-27,0
2004-01-27 03:01:00,2004-01-27,0
2004-01-27 03:02:00,2004-01-27,0
2004-01-27 03:03:00,2004-01-27,0
2004-01-27 03:04:00,2004-01-27,0
2004-01-27 03:05:00,2004-01-27,0
2004-01-27 03:06:00,2004-01-27,0
2004-01-27 03:07:00,2004-01-27,0
2004-01-27 03:08:00,2004-01-27,0
2004-01-27 03:09:00,2004-01-27,0
2004-01-27 03:10:00,2004-01-27,0
2004-01-27 03:11:00,2004-01-27,0
2004-01-27 03:12:00,2004-01-27,0
2004-01-27 03:13:00,2004-01-27,0
2004-01-27 03:14:00,2004-01-27,0
2004-01-27 03:15:00,2004-01-27,0
2004-01-27 03:16:00,2004-01-27,0
2004-01-27 03:17:00,2004-01-27,0
2004-01-27 03:18:00,2004-01-27,0
2004-01-27 03:19:00,2004-01-27,0
2004-01-27 03:20:00,2004-01-27,0
2004-01-27 03:21:00,2004-01-27,0
2004-01-27 03:22:00,2004-01-27,0
2004-01-27 03:23:00,2004-01-27,0
2004-01-27 03:24:00,2004-01-27,0
2004-01-27 03:25:00,2004-01-27,0
2004-01-27 03:26:00,2004-01-27,0
2004-01-27 03:27:00,2004-01-27,0
2004-01-27 03:28:00,2004-01-27,0
2004-01-27 03:29:00,2004-01-27,0
2004-01-27 03:30:00,2004-01-27,0
2004-01-27 03:31:00,2004-01-27,0
2004-01-27 03:32:00,2004-01-27,0
2004-01-27 03:33:00,2004-01-27,0
2004-01-27 03:34:00,2004-01-27,0
2004-01-27 03:35:00,2004-01-27,0
2004-01-27 03:36:00,2004-01-27,0
2004-01-27 03:37:00,2004-01-27,0
2004-01-27 03:38:00,2004-01-27,0
2004-01-27 03:39:00,2004-01-27,0
2004-01-27 03:40:00,2004-01-27,0
2004-01-27 03:41:00,2004-01-27,0
2004-01-27 03:42:00,2004-01-27,0
2004-01-27 03:43:00,2004-01-27,0
2004-01-27 03:44:00,2004-01-27,0
2004-01-27 03:45:00,2004-01-27,0
2004-01-27 03:46:00,2004-01-27,0
2004-01-27 03:47:00,2004-01-27,0
2004-01-27 03:48:00,2004-01-27,0
2004-01-27 03:49:00,2004-01-27,0
2004-01-27 03:50:00,2004-01-27,0
2004-01-27 03:51:00,2004-01-27,0
2004-01-27 03:52:00,2004-01-27,0
2004-01-27 03:53:00,2004-01-27,0
2004-01-27 03:54:00,2004-01-27,0
2004-01-27 03:55:00,2004-01-27,0
2004-01-27 03:56:00,2004-01-27,0
2004-01-27 03:57:00,2004-01-27,0
2004-01-27 03:58:00,2004-01-27,0
2004-01-27 03:59:00,2004-01-27,0
2004-01-27 04:00:00,2004-01-27,0
2004-01-27 04:01:00,2004-01-27,0
2004-01-27 04:02:00,2004-01-27,0
2004-01-27 04:03:00,2004-01-27,0
2004-01-27 04:04:00,2004-01-27,0
2004-01-27 04:05:00,2004-01-27,0
2004-01-27 04:06:00,2004-01-27,0
2004-01-27 04:07:00,2004-01-27,0
2004-01-27 04:08:00,2004-01-27,0
2004-01-27 04:09:00,2004-01-27,0
2004-01-27 04:10:00,2004-01-27,0
2004-01-27 04:11:00,2004-01-27,0
2004-01-27 04:12:00,2004-01-27,0
2004-01-27 04:13:00,2004-01-27,0
2004-01-27 04:14:00,2004-01-27,0
2004-01-27 04:15:00,2004-01-27,0
2004-01-27 04:16:00,2004-01-27,0
2004-01-27 04:17:00,2004-01-27,0
2004-01-27 04:18:00,2004-01-27,0
2004-01-27 04:19:00,2004-01-27,0
2004-01-27 04:20:00,2004-01-27,0
2004-01-27 04:21:00,2004-01-27,0
2004-01-27 04:22:00,2004-01-27,0
2004-01-27 04:23:00,2004-01-27,0
2004-01-27 04:24:00,2004-01-27,0
2004-01-27 04:25:00,2004-01-27,0
2004-01-27 04:26:00,2004-01-27,0
2004-01-27 04:27:00,2004-01-27,0
2004-01-27 04:28:00,2004-01-27,0
2004-01-27 04:29:00,2004-01-27,0
2004-01-27 04:30:00,2004-01-27,0
2004-01-27 04:31:00,2004-01-27,0
2004-01-27 04:32:00,2004-01-27,0
2004-01-27 04:33:00,2004-01-27,0
2004-01-27 04:34:00,2004-01-27,0
2004-01-27 04:35:00,2004-01-27,0
2004-01-27 04:36:00,2004-01-27,0
2004-01-27 04:37:00,2004-01-27,0
2004-01-27 04:38:00,2004-01-27,0
2004-01-27 04:39:00,2004-01-27,0
2004-01-27 04:40:00,2004-01-27,0
2004-01-27 04:41:00,2004-01-27,0
2004-01-27 04:42:00,2004-01-27,0
2004-01-27 04:43:00,2004-01-27,0
2004-01-27 04:44:00,2004-01-27,0
2004-01-27 04:45:00,2004-01-27,0
2004-01-27 04:46:00,2004-01-27,0
2004-01-27 04:47:00,2004-01-27,0
2004-01-27 04:48:00,2004-01-27,0
2004-01-27 04:49:00,2004-01-27,0
2004-01-27 04:50:00,2004-01-27,0
2004-01-27 04:51:00,2004-01-27,0
2004-01-27 04:52:00,2004-01-27,0
2004-01-27 04:53:00,2004-01-27,0
2004-01-27 04:54:00,2004-01-27,0
2004-01-27 04:55:00,2004-01-27,0
2004-01-27 04:56:00,2004-01-27,0
2004-01-27 04:57:00,2004-01-27,0
2004-01-27 04:58:00,2004-01-27,0
2004-01-27 04:59:00,2004-01-27,0
2004-01-27 05:00:00,2004-01-27,0
2004-01-27 05:01:00,2004-01-27,0
2004-01-27 05:02:00,2004-01-27,0
2004-01-27 05:03:00,2004-01-27,0
2004-01-27 05:04:00,2004-01-27,0
2004-01-27 05:05:00,2004-01-27,0
2004-01-27 05:06:00,2004-01-27,0
2004-01-27 05:07:00,2004-01-27,0
2004-01-27 05:08:00,2004-01-27,0
2004-01-27 05:09:00,2004-01-27,0
2004-01-27 05:10:00,2004-01-27,0
2004-01-27 05:11:00,2004-01-27,0
2004-01-27 05:12:00,2004-01-27,0
2004-01-27 05:13:00,2004-01-27,0
2004-01-27 05:14:00,2004-01-27,0
2004-01-27 05:15:00,2004-01-27,0
2004-01-27 05:16:00,2004-01-27,0
2004-01-27 05:17:00,2004-01-27,0
2004-01-27 05:18:00,2004-01-27,0
2004-01-27 05:19:00,2004-01-27,0
2004-01-27 05:20:00,2004-01-27,0
2004-01-27 05:21:00,2004-01-27,0
2004-01-27 05:22:00,2004-01-27,0
2004-01-27 05:23:00,2004-01-27,0
2004-01-27 05:24:00,2004-01-27,0
2004-01-27 05:25:00,2004-01-27,0
2004-01-27 05:26:00,2004-01-27,0
2004-01-27 05:27:00,2004-01-27,0
2004-01-27 05:28:00,2004-01-27,0
2004-01-27 05:29:00,2004-01-27,0
2004-01-27 05:30:00,2004-01-27,0
2004-01-27 05:31:00,2004-01-27,0
2004-01-27 05:32:00,2004-01-27,0
2004-01-27 05:33:00,2004-01-27,0
2004-01-27 05:34:00,2004-01-27,0
2004-01-27 05:35:00,2004-01-27,0
2004-01-27 05:36:00,2004-01-27,0
2004-01-27 05:37:00,2004-01-27,0
2004-01-27 05:38:00,2004-01-27,0
2004-01-27 05:39:00,2004-01-27,0
2004-01-27 05:40:00,2004-01-27,0
2004-01-27 05:41:00,2004-01-27,0
2004-01-27 05:42:00,2004-01-27,0
2004-01-27 05:43:00,2004-01-27,0
2004-01-27 05:44:00,2004-01-27,0
2004-01-27 05:45:00,2004-01-27,0
2004-01-27 05:46:00,2004-01-27,0
2004-01-27 05:47:00,2004-01-27,0
2004-01-27 05:48:00,2004-01-27,0
2004-01-27 05:49:00,2004-01-27,0
2004-01-27 05:50:00,2004-01-27,0
2004-01-27 05:51:00,2004-01-27,0
2004-01-27 05:52:00,2004-01-27,0
2004-01-27 05:53:00,2004-01-27,0
2004-01-27 05:54:00,2004-01-27,0
2004-01-27 05:55:00,2004-01-27,0
2004-01-27 05:56:00,2004-01-27,0
2004-01-27 05:57:00,2004-01-27,0
2004-01-27 05:58:00,2004-01-27,0
2004-01-27 05:59:00,2004-01-27,0
2004-01-27 06:00:00,2004-01-27,0
2004-01-27 06:01:00,2004-01-27,0
2004-01-27 06:02:00,2004-01-27,0
2004-01-27 06:03:00,2004-01-27,0
2004-01-27 06:04:00,2004-01-27,0
2004-01-27 06:05:00,2004-01-27,0
2004-01-27 06:06:00,2004-01-27,0
2004-01-27 06:07:00,2004-01-27,0
2004-01-27 06:08:00,2004-01-27,0
2004-01-27 06:09:00,2004-01-27,0
2004-01-27 06:10:00,2004-01-27,0
2004-01-27 06:11:00,2004-01-27,0
2004-01-27 06:12:00,2004-01-27,0
2004-01-27 06:13:00,2004-01-27,0
2004-01-27 06:14:00,2004-01-27,0
2004-01-27 06:15:00,2004-01-27,0
2004-01-27 06:16:00,2004-01-27,0
2004-01-27 06:17:00,2004-01-27,0
2004-01-27 06:18:00,2004-01-27,0
2004-01-27 06:19:00,2004-01-27,0
2004-01-27 06:20:00,2004-01-27,0
2004-01-27 06:21:00,2004-01-27,0
2004-01-27 06:22:00,2004-01-27,0
2004-01-27 06:23:00,2004-01-27,0
2004-01-27 06:24:00,2004-01-27,0
2004-01-27 06:25:00,2004-01-27,0
2004-01-27 06:26:00,2004-01-27,0
2004-01-27 06:27:00,2004-01-27,0
2004-01-27 06:28:00,2004-01-27,0
2004-01-27 06:29:00,2004-01-27,0
2004-01-27 06:30:00,2004-01-27,0
2004-01-27 06:31:00,2004-01-27,0
2004-01-27 06:32:00,2004-01-27,0
2004-01-27 06:33:00,2004-01-27,0
2004-01-27 06:34:00,2004-01-27,0
2004-01-27 06:35:00,2004-01-27,0
2004-01-27 06:36:00,2004-01-27,0
2004-01-27 06:37:00,2004-01-27,0
2004-01-27 06:38:00,2004-01-27,0
2004-01-27 06:39:00,2004-01-27,0
2004-01-27 06:40:00,2004-01-27,0
2004-01-27 06:41:00,2004-01-27,0
2004-01-27 06:42:00,2004-01-27,0
2004-01-27 06:43:00,2004-01-27,0
2004-01-27 06:44:00,2004-01-27,0
2004-01-27 06:45:00,2004-01-27,0
2004-01-27 06:46:00,2004-01-27,0
2004-01-27 06:47:00,2004-01-27,0
2004-01-27 06:48:00,2004-01-27,0
2004-01-27 06:49:00,2004-01-27,0
2004-01-27 06:50:00,2004-01-27,0
2004-01-27 06:51:00,2004-01-27,0
2004-01-27 06:52:00,2004-01-27,0
2004-01-27 06:53:00,2004-01-27,0
2004-01-27 06:54:00,2004-01-27,0
2004-01-27 06:55:00,2004-01-27,0
2004-01-27 06:56:00,2004-01-27,0
2004-01-27 06:57:00,2004-01-27,0
2004-01-27 06:58:00,2004-01-27,0
2004-01-27 06:59:00,2004-01-27,0
2004-01-27 07:00:00,2004-01-27,0
2004-01-27 07:01:00,2004-01-27,0
2004-01-27 07:02:00,2004-01-27,0
2004-01-27 07:03:00,2004-01-27,0
2004-01-27 07:04:00,2004-01-27,0
2004-01-27 07:05:00,2004-01-27,0
2004-01-27 07:06:00,2004-01-27,0
2004-01-27 07:07:00,2004-01-27,0
2004-01-27 07:08:00,2004-01-27,0
2004-01-27 07:09:00,2004-01-27,0
2004-01-27 07:10:00,2004-01-27,0
2004-01-27 07:11:00,2004-01-27,0
2004-01-27 07:12:00,2004-01-27,0
2004-01-27 07:13:00,2004-01-27,0
2004-01-27 07:14:00,2004-01-27,0
2004-01-27 07:15:00,2004-01-27,0
2004-01-27 07:16:00,2004-01-27,0
2004-01-27 07:17:00,2004-01-27,0
2004-01-27 07:18:00,2004-01-27,0
2004-01-27 07:19:00,2004-01-27,0
2004-01-27 07:20:00,2004-01-27,0
2004-01-27 07:21:00,2004-01-27,0
2004-01-27 07:22:00,2004-01-27,0
2004-01-27 07:23:00,2004-01-27,0
2004-01-27 07:24:00,2004-01-27,0
2004-01-27 07:25:00,2004-01-27,0
2004-01-27 07:26:00,2004-01-27,0
2004-01-27 07:27:00,2004-01-27,0
2004-01-27 07:28:00,2004-01-27,0
2004-01-27 07:29:00,2004-01-27,0
2004-01-27 07:30:00,2004-01-27,0
2004-01-27 07:31:00,2004-01-27,0
2004-01-27 07:32:00,2004-01-27,0
2004-01-27 07:33:00,2004-01-27,0
2004-01-27 07:34:00,2004-01-27,0
2004-01-27 07:35:00,2004-01-27,0
2004-01-27 07:36:00,2004-01-27,0
2004-01-27 07:37:00,2004-01-27,0
2004-01-27 07:38:00,2004-01-27,0
2004-01-27 07:39:00,2004-01-27,0
2004-01-27 07:40:00,2004-01-27,0
2004-01-27 07:41:00,2004-01-27,0
2004-01-27 07:42:00,2004-01-27,0
2004-01-27 07:43:00,2004-01-27,0
2004-01-27 07:44:00,2004-01-27,0
2004-01-27 07:45:00,2004-01-27,0
2004-01-27 07:46:00,2004-01-27,0
2004-01-27 07:47:00,2004-01-27,0
2004-01-27 07:48:00,2004-01-27,0
2004-01-27 07:49:00,2004-01-27,0
2004-01-27 07:50:00,2004-01-27,0
2004-01-27 07:51:00,2004-01-27,0
2004-01-27 07:52:00,2004-01-27,0
2004-01-27 07:53:00,2004-01-27,0
2004-01-27 07:54:00,2004-01-27,0
2004-01-27 07:55:00,2004-01-27,0
2004-01-27 07:56:00,2004-01-27,0
2004-01-27 07:57:00,2004-01-27,0
2004-01-27 07:58:00,2004-01-27,0
2004-01-27 07:59:00,2004-01-27,0
2004-01-27 08:00:00,2004-01-27,0
2004-01-27 08:01:00,2004-01-27,0
2004-01-27 08:02:00,2004-01-27,0
2004-01-27 08:03:00,2004-01-27,0
2004-01-27 08:04:00,2004-01-27,0
2004-01-27 08:05:00,2004-01-27,0
2004-01-27 08:06:00,2004-01-27,0
2004-01-27 08:07:00,2004-01-27,0
2004-01-27 08:08:00,2004-01-27,0
2004-01-27 08:09:00,2004-01-27,0
2004-01-27 08:10:00,2004-01-27,0
2004-01-27 08:11:00,2004-01-27,0
2004-01-27 08:12:00,2004-01-27,0
2004-01-27 08:13:00,2004-01-27,0
2004-01-27 08:14:00,2004-01-27,0
2004-01-27 08:15:00,2004-01-27,0
2004-01-27 08:16:00,2004-01-27,0
2004-01-27 08:17:00,2004-01-27,0
2004-01-27 08:18:00,2004-01-27,0
2004-01-27 08:19:00,2004-01-27,0
2004-01-27 08:20:00,2004-01-27,0
2004-01-27 08:21:00,2004-01-27,0
2004-01-27 08:22:00,2004-01-27,0
2004-01-27 08:23:00,2004-01-27,0
2004-01-27 08:24:00,2004-01-27,0
2004-01-27 08:25:00,2004-01-27,0
2004-01-27 08:26:00,2004-01-27,0
2004-01-27 08:27:00,2004-01-27,0
2004-01-27 08:28:00,2004-01-27,0
2004-01-27 08:29:00,2004-01-27,0
2004-01-27 08:30:00,2004-01-27,0
2004-01-27 08:31:00,2004-01-27,0
2004-01-27 08:32:00,2004-01-27,0
2004-01-27 08:33:00,2004-01-27,0
2004-01-27 08:34:00,2004-01-27,0
2004-01-27 08:35:00,2004-01-27,0
2004-01-27 08:36:00,2004-01-27,0
2004-01-27 08:37:00,2004-01-27,0
2004-01-27 08:38:00,2004-01-27,0
2004-01-27 08:39:00,2004-01-27,0
2004-01-27 08:40:00,2004-01-27,0
2004-01-27 08:41:00,2004-01-27,0
2004-01-27 08:42:00,2004-01-27,0
2004-01-27 08:43:00,2004-01-27,0
2004-01-27 08:44:00,2004-01-27,0
2004-01-27 08:45:00,2004-01-27,0
2004-01-27 08:46:00,2004-01-27,0
2004-01-27 08:47:00,2004-01-27,0
2004-01-27 08:48:00,2004-01-27,0
2004-01-27 08:49:00,2004-01-27,0
2004-01-27 08:50:00,2004-01-27,0
2004-01-27 08:51:00,2004-01-27,0
2004-01-27 08:52:00,2004-01-27,0
2004-01-27 08:53:00,2004-01-27,0
2004-01-27 08:54:00,2004-01-27,160
2004-01-27 08:55:00,2004-01-27,3
2004-01-27 08:56:00,2004-01-27,3
2004-01-27 08:57:00,2004-01-27,0
2004-01-27 08:58:00,2004-01-27,0
2004-01-27 08:59:00,2004-01-27,0
2004-01-27 09:00:00,2004-01-27,0
2004-01-27 09:01:00,2004-01-27,0
2004-01-27 09:02:00,2004-01-27,0
2004-01-27 09:03:00,2004-01-27,0
2004-01-27 09:04:00,2004-01-27,0
2004-01-27 09:05:00,2004-01-27,0
2004-01-27 09:06:00,2004-01-27,0
2004-01-27 09:07:00,2004-01-27,0
2004-01-27 09:08:00,2004-01-27,0
2004-01-27 09:09:00,2004-01-27,0
2004-01-27 09:10:00,2004-01-27,0
2004-01-27 09:11:00,2004-01-27,0
2004-01-27 09:12:00,2004-01-27,0
2004-01-27 09:13:00,2004-01-27,0
2004-01-27 09:14:00,2004-01-27,0
2004-01-27 09:15:00,2004-01-27,0
2004-01-27 09:16:00,2004-01-27,0
2004-01-27 09:17:00,2004-01-27,0
2004-01-27 09:18:00,2004-01-27,0
2004-01-27 09:19:00,2004-01-27,0
2004-01-27 09:20:00,2004-01-27,0
2004-01-27 09:21:00,2004-01-27,0
2004-01-27 09:22:00,2004-01-27,0
2004-01-27 09:23:00,2004-01-27,0
2004-01-27 09:24:00,2004-01-27,0
2004-01-27 09:25:00,2004-01-27,0
2004-01-27 09:26:00,2004-01-27,0
2004-01-27 09:27:00,2004-01-27,0
2004-01-27 09:28:00,2004-01-27,0
2004-01-27 09:29:00,2004-01-27,0
2004-01-27 09:30:00,2004-01-27,0
2004-01-27 09:31:00,2004-01-27,0
2004-01-27 09:32:00,2004-01-27,0
2004-01-27 09:33:00,2004-01-27,0
2004-01-27 09:34:00,2004-01-27,0
2004-01-27 09:35:00,2004-01-27,0
2004-01-27 09:36:00,2004-01-27,0
2004-01-27 09:37:00,2004-01-27,0
2004-01-27 09:38:00,2004-01-27,0
2004-01-27 09:39:00,2004-01-27,0
2004-01-27 09:40:00,2004-01-27,0
2004-01-27 09:41:00,2004-01-27,0
2004-01-27 09:42:00,2004-01-27,16
2004-01-27 09:43:00,2004-01-27,121
2004-01-27 09:44:00,2004-01-27,15
2004-01-27 09:45:00,2004-01-27,3
2004-01-27 09:46:00,2004-01-27,3
2004-01-27 09:47:00,2004-01-27,915
2004-01-27 09:48:00,2004-01-27,197
2004-01-27 09:49:00,2004-01-27,7
2004-01-27 09:50:00,2004-01-27,453
2004-01-27 09:51:00,2004-01-27,296
2004-01-27 09:52:00,2004-01-27,887
2004-01-27 09:53:00,2004-01-27,3
2004-01-27 09:54:00,2004-01-27,3
2004-01-27 09:55:00,2004-01-27,3
2004-01-27 09:56:00,2004-01-27,3
2004-01-27 09:57:00,2004-01-27,3
2004-01-27 09:58:00,2004-01-27,3
2004-01-27 09:59:00,2004-01-27,28
2004-01-27 10:00:00,2004-01-27,3
2004-01-27 10:01:00,2004-01-27,28
2004-01-27 10:02:00,2004-01-27,3
2004-01-27 10:03:00,2004-01-27,0
2004-01-27 10:04:00,2004-01-27,24
2004-01-27 10:05:00,2004-01-27,21
2004-01-27 10:06:00,2004-01-27,7
2004-01-27 10:07:00,2004-01-27,3
2004-01-27 10:08:00,2004-01-27,3
2004-01-27 10:09:00,2004-01-27,7
2004-01-27 10:10:00,2004-01-27,7
2004-01-27 10:11:00,2004-01-27,3
2004-01-27 10:12:00,2004-01-27,0
2004-01-27 10:13:00,2004-01-27,0
2004-01-27 10:14:00,2004-01-27,0
2004-01-27 10:15:00,2004-01-27,0
2004-01-27 10:16:00,2004-01-27,0
2004-01-27 10:17:00,2004-01-27,0
2004-01-27 10:18:00,2004-01-27,0
2004-01-27 10:19:00,2004-01-27,0
2004-01-27 10:20:00,2004-01-27,0
2004-01-27 10:21:00,2004-01-27,0
2004-01-27 10:22:00,2004-01-27,0
2004-01-27 10:23:00,2004-01-27,0
2004-01-27 10:24:00,2004-01-27,0
2004-01-27 10:25:00,2004-01-27,0
2004-01-27 10:26:00,2004-01-27,0
2004-01-27 10:27:00,2004-01-27,0
2004-01-27 10:28:00,2004-01-27,0
2004-01-27 10:29:00,2004-01-27,0
2004-01-27 10:30:00,2004-01-27,0
2004-01-27 10:31:00,2004-01-27,0
2004-01-27 10:32:00,2004-01-27,0
2004-01-27 10:33:00,2004-01-27,0
2004-01-27 10:34:00,2004-01-27,0
2004-01-27 10:35:00,2004-01-27,0
2004-01-27 10:36:00,2004-01-27,37
2004-01-27 10:37:00,2004-01-27,250
2004-01-27 10:38:00,2004-01-27,7
2004-01-27 10:39:00,2004-01-27,3
2004-01-27 10:40:00,2004-01-27,3
2004-01-27 10:41:00,2004-01-27,3
2004-01-27 10:42:00,2004-01-27,3
2004-01-27 10:43:00,2004-01-27,3
2004-01-27 10:44:00,2004-01-27,0
2004-01-27 10:45:00,2004-01-27,0
2004-01-27 10:46:00,2004-01-27,0
2004-01-27 10:47:00,2004-01-27,0
2004-01-27 10:48:00,2004-01-27,0
2004-01-27 10:49:00,2004-01-27,0
2004-01-27 10:50:00,2004-01-27,0
2004-01-27 10:51:00,2004-01-27,0
2004-01-27 10:52:00,2004-01-27,0
2004-01-27 10:53:00,2004-01-27,0
2004-01-27 10:54:00,2004-01-27,0
2004-01-27 10:55:00,2004-01-27,0
2004-01-27 10:56:00,2004-01-27,0
2004-01-27 10:57:00,2004-01-27,0
2004-01-27 10:58:00,2004-01-27,0
2004-01-27 10:59:00,2004-01-27,0
2004-01-27 11:00:00,2004-01-27,0
2004-01-27 11:01:00,2004-01-27,0
2004-01-27 11:02:00,2004-01-27,0
2004-01-27 11:03:00,2004-01-27,0
2004-01-27 11:04:00,2004-01-27,0
2004-01-27 11:05:00,2004-01-27,0
2004-01-27 11:06:00,2004-01-27,0
2004-01-27 11:07:00,2004-01-27,0
2004-01-27 11:08:00,2004-01-27,0
2004-01-27 11:09:00,2004-01-27,0
2004-01-27 11:10:00,2004-01-27,0
2004-01-27 11:11:00,2004-01-27,0
2004-01-27 11:12:00,2004-01-27,0
2004-01-27 11:13:00,2004-01-27,0
2004-01-27 11:14:00,2004-01-27,0
2004-01-27 11:15:00,2004-01-27,0
2004-01-27 11:16:00,2004-01-27,0
2004-01-27 11:17:00,2004-01-27,0
2004-01-27 11:18:00,2004-01-27,0
2004-01-27 11:19:00,2004-01-27,0
2004-01-27 11:20:00,2004-01-27,0
2004-01-27 11:21:00,2004-01-27,0
2004-01-27 11:22:00,2004-01-27,0
2004-01-27 11:23:00,2004-01-27,0
2004-01-27 11:24:00,2004-01-27,0
2004-01-27 11:25:00,2004-01-27,0
2004-01-27 11:26:00,2004-01-27,0
2004-01-27 11:27:00,2004-01-27,0
2004-01-27 11:28:00,2004-01-27,0
2004-01-27 11:29:00,2004-01-27,0
2004-01-27 11:30:00,2004-01-27,0
2004-01-27 11:31:00,2004-01-27,0
2004-01-27 11:32:00,2004-01-27,0
2004-01-27 11:33:00,2004-01-27,0
2004-01-27 11:34:00,2004-01-27,0
2004-01-27 11:35:00,2004-01-27,0
2004-01-27 11:36:00,2004-01-27,0
2004-01-27 11:37:00,2004-01-27,0
2004-01-27 11:38:00,2004-01-27,0
2004-01-27 11:39:00,2004-01-27,0
2004-01-27 11:40:00,2004-01-27,0
2004-01-27 11:41:00,2004-01-27,0
2004-01-27 11:42:00,2004-01-27,0
2004-01-27 11:43:00,2004-01-27,0
2004-01-27 11:44:00,2004-01-27,0
2004-01-27 11:45:00,2004-01-27,0
2004-01-27 11:46:00,2004-01-27,0
2004-01-27 11:47:00,2004-01-27,0
2004-01-27 11:48:00,2004-01-27,0
2004-01-27 11:49:00,2004-01-27,0
2004-01-27 11:50:00,2004-01-27,0
2004-01-27 11:51:00,2004-01-27,0
2004-01-27 11:52:00,2004-01-27,0
2004-01-27 11:53:00,2004-01-27,0
2004-01-27 11:54:00,2004-01-27,0
2004-01-27 11:55:00,2004-01-27,0
2004-01-27 11:56:00,2004-01-27,0
2004-01-27 11:57:00,2004-01-27,0
2004-01-27 11:58:00,2004-01-27,0
2004-01-27 11:59:00,2004-01-27,0
2004-01-27 12:00:00,2004-01-27,0
2004-01-27 12:01:00,2004-01-27,0
2004-01-27 12:02:00,2004-01-27,0
2004-01-27 12:03:00,2004-01-27,0
2004-01-27 12:04:00,2004-01-27,0
2004-01-27 12:05:00,2004-01-27,0
2004-01-27 12:06:00,2004-01-27,0
2004-01-27 12:07:00,2004-01-27,0
2004-01-27 12:08:00,2004-01-27,0
2004-01-27 12:09:00,2004-01-27,0
2004-01-27 12:10:00,2004-01-27,0
2004-01-27 12:11:00,2004-01-27,0
2004-01-27 12:12:00,2004-01-27,0
2004-01-27 12:13:00,2004-01-27,0
2004-01-27 12:14:00,2004-01-27,3
2004-01-27 12:15:00,2004-01-27,0
2004-01-27 12:16:00,2004-01-27,0
2004-01-27 12:17:00,2004-01-27,0
2004-01-27 12:18:00,2004-01-27,0
2004-01-27 12:19:00,2004-01-27,0
2004-01-27 12:20:00,2004-01-27,0
2004-01-27 12:21:00,2004-01-27,0
2004-01-27 12:22:00,2004-01-27,0
2004-01-27 12:23:00,2004-01-27,0
2004-01-27 12:24:00,2004-01-27,0
2004-01-27 12:25:00,2004-01-27,0
2004-01-27 12:26:00,2004-01-27,0
2004-01-27 12:27:00,2004-01-27,0
2004-01-27 12:28:00,2004-01-27,0
2004-01-27 12:29:00,2004-01-27,0
2004-01-27 12:30:00,2004-01-27,0
2004-01-27 12:31:00,2004-01-27,0
2004-01-27 12:32:00,2004-01-27,0
2004-01-27 12:33:00,2004-01-27,0
2004-01-27 12:34:00,2004-01-27,0
2004-01-27 12:35:00,2004-01-27,0
2004-01-27 12:36:00,2004-01-27,0
2004-01-27 12:37:00,2004-01-27,0
2004-01-27 12:38:00,2004-01-27,0
2004-01-27 12:39:00,2004-01-27,0
2004-01-27 12:40:00,2004-01-27,0
2004-01-27 12:41:00,2004-01-27,0
2004-01-27 12:42:00,2004-01-27,0
2004-01-27 12:43:00,2004-01-27,134
2004-01-27 12:44:00,2004-01-27,3
2004-01-27 12:45:00,2004-01-27,3
2004-01-27 12:46:00,2004-01-27,62
2004-01-27 12:47:00,2004-01-27,3
2004-01-27 12:48:00,2004-01-27,3
2004-01-27 12:49:00,2004-01-27,3
2004-01-27 12:50:00,2004-01-27,3
2004-01-27 12:51:00,2004-01-27,3
2004-01-27 12:52:00,2004-01-27,3
2004-01-27 12:53:00,2004-01-27,3
2004-01-27 12:54:00,2004-01-27,3
2004-01-27 12:55:00,2004-01-27,0
2004-01-27 12:56:00,2004-01-27,0
2004-01-27 12:57:00,2004-01-27,0
2004-01-27 12:58:00,2004-01-27,0
2004-01-27 12:59:00,2004-01-27,0
2004-01-27 13:00:00,2004-01-27,0
2004-01-27 13:01:00,2004-01-27,0
2004-01-27 13:02:00,2004-01-27,0
2004-01-27 13:03:00,2004-01-27,0
2004-01-27 13:04:00,2004-01-27,0
2004-01-27 13:05:00,2004-01-27,0
2004-01-27 13:06:00,2004-01-27,0
2004-01-27 13:07:00,2004-01-27,0
2004-01-27 13:08:00,2004-01-27,0
2004-01-27 13:09:00,2004-01-27,0
2004-01-27 13:10:00,2004-01-27,0
2004-01-27 13:11:00,2004-01-27,0
2004-01-27 13:12:00,2004-01-27,0
2004-01-27 13:13:00,2004-01-27,0
2004-01-27 13:14:00,2004-01-27,0
2004-01-27 13:15:00,2004-01-27,0
2004-01-27 13:16:00,2004-01-27,0
2004-01-27 13:17:00,2004-01-27,0
2004-01-27 13:18:00,2004-01-27,0
2004-01-27 13:19:00,2004-01-27,0
2004-01-27 13:20:00,2004-01-27,0
2004-01-27 13:21:00,2004-01-27,0
2004-01-27 13:22:00,2004-01-27,0
2004-01-27 13:23:00,2004-01-27,0
2004-01-27 13:24:00,2004-01-27,0
2004-01-27 13:25:00,2004-01-27,0
2004-01-27 13:26:00,2004-01-27,0
2004-01-27 13:27:00,2004-01-27,0
2004-01-27 13:28:00,2004-01-27,0
2004-01-27 13:29:00,2004-01-27,0
2004-01-27 13:30:00,2004-01-27,0
2004-01-27 13:31:00,2004-01-27,0
2004-01-27 13:32:00,2004-01-27,0
2004-01-27 13:33:00,2004-01-27,0
2004-01-27 13:34:00,2004-01-27,0
2004-01-27 13:35:00,2004-01-27,0
2004-01-27 13:36:00,2004-01-27,0
2004-01-27 13:37:00,2004-01-27,0
2004-01-27 13:38:00,2004-01-27,0
2004-01-27 13:39:00,2004-01-27,0
2004-01-27 13:40:00,2004-01-27,0
2004-01-27 13:41:00,2004-01-27,0
2004-01-27 13:42:00,2004-01-27,0
2004-01-27 13:43:00,2004-01-27,0
2004-01-27 13:44:00,2004-01-27,0
2004-01-27 13:45:00,2004-01-27,0
2004-01-27 13:46:00,2004-01-27,0
2004-01-27 13:47:00,2004-01-27,0
2004-01-27 13:48:00,2004-01-27,0
2004-01-27 13:49:00,2004-01-27,0
2004-01-27 13:50:00,2004-01-27,0
2004-01-27 13:51:00,2004-01-27,0
2004-01-27 13:52:00,2004-01-27,0
2004-01-27 13:53:00,2004-01-27,0
2004-01-27 13:54:00,2004-01-27,0
2004-01-27 13:55:00,2004-01-27,0
2004-01-27 13:56:00,2004-01-27,0
2004-01-27 13:57:00,2004-01-27,0
2004-01-27 13:58:00,2004-01-27,0
2004-01-27 13:59:00,2004-01-27,0
2004-01-27 14:00:00,2004-01-27,0
2004-01-27 14:01:00,2004-01-27,0
2004-01-27 14:02:00,2004-01-27,0
2004-01-27 14:03:00,2004-01-27,0
2004-01-27 14:04:00,2004-01-27,0
2004-01-27 14:05:00,2004-01-27,0
2004-01-27 14:06:00,2004-01-27,0
2004-01-27 14:07:00,2004-01-27,0
2004-01-27 14:08:00,2004-01-27,0
2004-01-27 14:09:00,2004-01-27,0
2004-01-27 14:10:00,2004-01-27,0
2004-01-27 14:11:00,2004-01-27,0
2004-01-27 14:12:00,2004-01-27,0
2004-01-27 14:13:00,2004-01-27,0
2004-01-27 14:14:00,2004-01-27,0
2004-01-27 14:15:00,2004-01-27,0
2004-01-27 14:16:00,2004-01-27,0
2004-01-27 14:17:00,2004-01-27,0
2004-01-27 14:18:00,2004-01-27,0
2004-01-27 14:19:00,2004-01-27,0
2004-01-27 14:20:00,2004-01-27,0
2004-01-27 14:21:00,2004-01-27,0
2004-01-27 14:22:00,2004-01-27,0
2004-01-27 14:23:00,2004-01-27,0
2004-01-27 14:24:00,2004-01-27,0
2004-01-27 14:25:00,2004-01-27,0
2004-01-27 14:26:00,2004-01-27,0
2004-01-27 14:27:00,2004-01-27,0
2004-01-27 14:28:00,2004-01-27,0
2004-01-27 14:29:00,2004-01-27,0
2004-01-27 14:30:00,2004-01-27,0
2004-01-27 14:31:00,2004-01-27,0
2004-01-27 14:32:00,2004-01-27,0
2004-01-27 14:33:00,2004-01-27,0
2004-01-27 14:34:00,2004-01-27,0
2004-01-27 14:35:00,2004-01-27,0
2004-01-27 14:36:00,2004-01-27,0
2004-01-27 14:37:00,2004-01-27,0
2004-01-27 14:38:00,2004-01-27,0
2004-01-27 14:39:00,2004-01-27,0
2004-01-27 14:40:00,2004-01-27,0
2004-01-27 14:41:00,2004-01-27,0
2004-01-27 14:42:00,2004-01-27,0
2004-01-27 14:43:00,2004-01-27,0
2004-01-27 14:44:00,2004-01-27,0
2004-01-27 14:45:00,2004-01-27,0
2004-01-27 14:46:00,2004-01-27,0
2004-01-27 14:47:00,2004-01-27,0
2004-01-27 14:48:00,2004-01-27,0
2004-01-27 14:49:00,2004-01-27,0
2004-01-27 14:50:00,2004-01-27,0
2004-01-27 14:51:00,2004-01-27,0
2004-01-27 14:52:00,2004-01-27,0
2004-01-27 14:53:00,2004-01-27,0
2004-01-27 14:54:00,2004-01-27,0
2004-01-27 14:55:00,2004-01-27,0
2004-01-27 14:56:00,2004-01-27,0
2004-01-27 14:57:00,2004-01-27,0
2004-01-27 14:58:00,2004-01-27,0
2004-01-27 14:59:00,2004-01-27,0
2004-01-27 15:00:00,2004-01-27,0
2004-01-27 15:01:00,2004-01-27,0
2004-01-27 15:02:00,2004-01-27,0
2004-01-27 15:03:00,2004-01-27,0
2004-01-27 15:04:00,2004-01-27,0
2004-01-27 15:05:00,2004-01-27,0
2004-01-27 15:06:00,2004-01-27,0
2004-01-27 15:07:00,2004-01-27,0
2004-01-27 15:08:00,2004-01-27,0
2004-01-27 15:09:00,2004-01-27,0
2004-01-27 15:10:00,2004-01-27,0
2004-01-27 15:11:00,2004-01-27,0
2004-01-27 15:12:00,2004-01-27,0
2004-01-27 15:13:00,2004-01-27,0
2004-01-27 15:14:00,2004-01-27,0
2004-01-27 15:15:00,2004-01-27,0
2004-01-27 15:16:00,2004-01-27,0
2004-01-27 15:17:00,2004-01-27,0
2004-01-27 15:18:00,2004-01-27,0
2004-01-27 15:19:00,2004-01-27,0
2004-01-27 15:20:00,2004-01-27,0
2004-01-27 15:21:00,2004-01-27,0
2004-01-27 15:22:00,2004-01-27,0
2004-01-27 15:23:00,2004-01-27,0
2004-01-27 15:24:00,2004-01-27,0
2004-01-27 15:25:00,2004-01-27,0
2004-01-27 15:26:00,2004-01-27,0
2004-01-27 15:27:00,2004-01-27,0
2004-01-27 15:28:00,2004-01-27,0
2004-01-27 15:29:00,2004-01-27,0
2004-01-27 15:30:00,2004-01-27,0
2004-01-27 15:31:00,2004-01-27,0
2004-01-27 15:32:00,2004-01-27,0
2004-01-27 15:33:00,2004-01-27,0
2004-01-27 15:34:00,2004-01-27,0
2004-01-27 15:35:00,2004-01-27,0
2004-01-27 15:36:00,2004-01-27,0
2004-01-27 15:37:00,2004-01-27,0
2004-01-27 15:38:00,2004-01-27,16
2004-01-27 15:39:00,2004-01-27,3
2004-01-27 15:40:00,2004-01-27,0
2004-01-27 15:41:00,2004-01-27,0
2004-01-27 15:42:00,2004-01-27,0
2004-01-27 15:43:00,2004-01-27,0
2004-01-27 15:44:00,2004-01-27,0
2004-01-27 15:45:00,2004-01-27,0
2004-01-27 15:46:00,2004-01-27,0
2004-01-27 15:47:00,2004-01-27,0
2004-01-27 15:48:00,2004-01-27,0
2004-01-27 15:49:00,2004-01-27,0
2004-01-27 15:50:00,2004-01-27,0
2004-01-27 15:51:00,2004-01-27,0
2004-01-27 15:52:00,2004-01-27,0
2004-01-27 15:53:00,2004-01-27,0
2004-01-27 15:54:00,2004-01-27,0
2004-01-27 15:55:00,2004-01-27,0
2004-01-27 15:56:00,2004-01-27,0
2004-01-27 15:57:00,2004-01-27,0
2004-01-27 15:58:00,2004-01-27,0
2004-01-27 15:59:00,2004-01-27,0
2004-01-27 16:00:00,2004-01-27,0
2004-01-27 16:01:00,2004-01-27,0
2004-01-27 16:02:00,2004-01-27,0
2004-01-27 16:03:00,2004-01-27,0
2004-01-27 16:04:00,2004-01-27,0
2004-01-27 16:05:00,2004-01-27,0
2004-01-27 16:06:00,2004-01-27,0
2004-01-27 16:07:00,2004-01-27,0
2004-01-27 16:08:00,2004-01-27,0
2004-01-27 16:09:00,2004-01-27,0
2004-01-27 16:10:00,2004-01-27,0
2004-01-27 16:11:00,2004-01-27,0
2004-01-27 16:12:00,2004-01-27,0
2004-01-27 16:13:00,2004-01-27,0
2004-01-27 16:14:00,2004-01-27,0
2004-01-27 16:15:00,2004-01-27,0
2004-01-27 16:16:00,2004-01-27,0
2004-01-27 16:17:00,2004-01-27,0
2004-01-27 16:18:00,2004-01-27,0
2004-01-27 16:19:00,2004-01-27,0
2004-01-27 16:20:00,2004-01-27,0
2004-01-27 16:21:00,2004-01-27,0
2004-01-27 16:22:00,2004-01-27,0
2004-01-27 16:23:00,2004-01-27,0
2004-01-27 16:24:00,2004-01-27,0
2004-01-27 16:25:00,2004-01-27,0
2004-01-27 16:26:00,2004-01-27,0
2004-01-27 16:27:00,2004-01-27,0
2004-01-27 16:28:00,2004-01-27,0
2004-01-27 16:29:00,2004-01-27,0
2004-01-27 16:30:00,2004-01-27,0
2004-01-27 16:31:00,2004-01-27,0
2004-01-27 16:32:00,2004-01-27,0
2004-01-27 16:33:00,2004-01-27,0
2004-01-27 16:34:00,2004-01-27,0
2004-01-27 16:35:00,2004-01-27,0
2004-01-27 16:36:00,2004-01-27,424
2004-01-27 16:37:00,2004-01-27,1515
2004-01-27 16:38:00,2004-01-27,915
2004-01-27 16:39:00,2004-01-27,197
2004-01-27 16:40:00,2004-01-27,327
2004-01-27 16:41:00,2004-01-27,360
2004-01-27 16:42:00,2004-01-27,212
2004-01-27 16:43:00,2004-01-27,212
2004-01-27 16:44:00,2004-01-27,268
2004-01-27 16:45:00,2004-01-27,205
2004-01-27 16:46:00,2004-01-27,234
2004-01-27 16:47:00,2004-01-27,184
2004-01-27 16:48:00,2004-01-27,234
2004-01-27 16:49:00,2004-01-27,160
2004-01-27 16:50:00,2004-01-27,184
2004-01-27 16:51:00,2004-01-27,241
2004-01-27 16:52:00,2004-01-27,112
2004-01-27 16:53:00,2004-01-27,190
2004-01-27 16:54:00,2004-01-27,178
2004-01-27 16:55:00,2004-01-27,3
2004-01-27 16:56:00,2004-01-27,0
2004-01-27 16:57:00,2004-01-27,3
2004-01-27 16:58:00,2004-01-27,68
2004-01-27 16:59:00,2004-01-27,121
2004-01-27 17:00:00,2004-01-27,531
2004-01-27 17:01:00,2004-01-27,143
2004-01-27 17:02:00,2004-01-27,4
2004-01-27 17:03:00,2004-01-27,3
2004-01-27 17:04:00,2004-01-27,3
2004-01-27 17:05:00,2004-01-27,3
2004-01-27 17:06:00,2004-01-27,3
2004-01-27 17:07:00,2004-01-27,3
2004-01-27 17:08:00,2004-01-27,3
2004-01-27 17:09:00,2004-01-27,3
2004-01-27 17:10:00,2004-01-27,3
2004-01-27 17:11:00,2004-01-27,112
2004-01-27 17:12:00,2004-01-27,10
2004-01-27 17:13:00,2004-01-27,125
2004-01-27 17:14:00,2004-01-27,205
2004-01-27 17:15:00,2004-01-27,149
2004-01-27 17:16:00,2004-01-27,129
2004-01-27 17:17:00,2004-01-27,197
2004-01-27 17:18:00,2004-01-27,453
2004-01-27 17:19:00,2004-01-27,234
2004-01-27 17:20:00,2004-01-27,483
2004-01-27 17:21:00,2004-01-27,259
2004-01-27 17:22:00,2004-01-27,296
2004-01-27 17:23:00,2004-01-27,327
2004-01-27 17:24:00,2004-01-27,103
2004-01-27 17:25:00,2004-01-27,499
2004-01-27 17:26:00,2004-01-27,586
2004-01-27 17:27:00,2004-01-27,566
2004-01-27 17:28:00,2004-01-27,1379
2004-01-27 17:29:00,2004-01-27,285
2004-01-27 17:30:00,2004-01-27,10
2004-01-27 17:31:00,2004-01-27,4
2004-01-27 17:32:00,2004-01-27,4
2004-01-27 17:33:00,2004-01-27,4
2004-01-27 17:34:00,2004-01-27,234
2004-01-27 17:35:00,2004-01-27,9
2004-01-27 17:36:00,2004-01-27,3
2004-01-27 17:37:00,2004-01-27,85
2004-01-27 17:38:00,2004-01-27,4
2004-01-27 17:39:00,2004-01-27,3
2004-01-27 17:40:00,2004-01-27,3
2004-01-27 17:41:00,2004-01-27,3
2004-01-27 17:42:00,2004-01-27,3
2004-01-27 17:43:00,2004-01-27,3
2004-01-27 17:44:00,2004-01-27,3
2004-01-27 17:45:00,2004-01-27,3
2004-01-27 17:46:00,2004-01-27,3
2004-01-27 17:47:00,2004-01-27,3
2004-01-27 17:48:00,2004-01-27,3
2004-01-27 17:49:00,2004-01-27,3
2004-01-27 17:50:00,2004-01-27,3
2004-01-27 17:51:00,2004-01-27,3
2004-01-27 17:52:00,2004-01-27,3
2004-01-27 17:53:00,2004-01-27,3
2004-01-27 17:54:00,2004-01-27,3
2004-01-27 17:55:00,2004-01-27,3
2004-01-27 17:56:00,2004-01-27,3
2004-01-27 17:57:00,2004-01-27,3
2004-01-27 17:58:00,2004-01-27,3
2004-01-27 17:59:00,2004-01-27,15
2004-01-27 18:00:00,2004-01-27,3
2004-01-27 18:01:00,2004-01-27,3
2004-01-27 18:02:00,2004-01-27,3
2004-01-27 18:03:00,2004-01-27,3
2004-01-27 18:04:00,2004-01-27,3
2004-01-27 18:05:00,2004-01-27,3
2004-01-27 18:06:00,2004-01-27,3
2004-01-27 18:07:00,2004-01-27,3
2004-01-27 18:08:00,2004-01-27,3
2004-01-27 18:09:00,2004-01-27,3
2004-01-27 18:10:00,2004-01-27,3
2004-01-27 18:11:00,2004-01-27,3
2004-01-27 18:12:00,2004-01-27,3
2004-01-27 18:13:00,2004-01-27,3
2004-01-27 18:14:00,2004-01-27,3
2004-01-27 18:15:00,2004-01-27,3
2004-01-27 18:16:00,2004-01-27,3
2004-01-27 18:17:00,2004-01-27,3
2004-01-27 18:18:00,2004-01-27,3
2004-01-27 18:19:00,2004-01-27,3
2004-01-27 18:20:00,2004-01-27,3
2004-01-27 18:21:00,2004-01-27,3
2004-01-27 18:22:00,2004-01-27,3
2004-01-27 18:23:00,2004-01-27,3
2004-01-27 18:24:00,2004-01-27,3
2004-01-27 18:25:00,2004-01-27,3
2004-01-27 18:26:00,2004-01-27,3
2004-01-27 18:27:00,2004-01-27,3
2004-01-27 18:28:00,2004-01-27,3
2004-01-27 18:29:00,2004-01-27,3
2004-01-27 18:30:00,2004-01-27,3
2004-01-27 18:31:00,2004-01-27,3
2004-01-27 18:32:00,2004-01-27,3
2004-01-27 18:33:00,2004-01-27,3
2004-01-27 18:34:00,2004-01-27,3
2004-01-27 18:35:00,2004-01-27,0
2004-01-27 18:36:00,2004-01-27,3
2004-01-27 18:37:00,2004-01-27,3
2004-01-27 18:38:00,2004-01-27,3
2004-01-27 18:39:00,2004-01-27,3
2004-01-27 18:40:00,2004-01-27,3
2004-01-27 18:41:00,2004-01-27,3
2004-01-27 18:42:00,2004-01-27,3
2004-01-27 18:43:00,2004-01-27,3
2004-01-27 18:44:00,2004-01-27,3
2004-01-27 18:45:00,2004-01-27,0
2004-01-27 18:46:00,2004-01-27,3
2004-01-27 18:47:00,2004-01-27,0
2004-01-27 18:48:00,2004-01-27,0
2004-01-27 18:49:00,2004-01-27,0
2004-01-27 18:50:00,2004-01-27,0
2004-01-27 18:51:00,2004-01-27,3
2004-01-27 18:52:00,2004-01-27,0
2004-01-27 18:53:00,2004-01-27,0
2004-01-27 18:54:00,2004-01-27,0
2004-01-27 18:55:00,2004-01-27,0
2004-01-27 18:56:00,2004-01-27,0
2004-01-27 18:57:00,2004-01-27,0
2004-01-27 18:58:00,2004-01-27,0
2004-01-27 18:59:00,2004-01-27,0
2004-01-27 19:00:00,2004-01-27,0
2004-01-27 19:01:00,2004-01-27,0
2004-01-27 19:02:00,2004-01-27,0
2004-01-27 19:03:00,2004-01-27,0
2004-01-27 19:04:00,2004-01-27,0
2004-01-27 19:05:00,2004-01-27,0
2004-01-27 19:06:00,2004-01-27,0
2004-01-27 19:07:00,2004-01-27,0
2004-01-27 19:08:00,2004-01-27,0
2004-01-27 19:09:00,2004-01-27,0
2004-01-27 19:10:00,2004-01-27,0
2004-01-27 19:11:00,2004-01-27,0
2004-01-27 19:12:00,2004-01-27,0
2004-01-27 19:13:00,2004-01-27,0
2004-01-27 19:14:00,2004-01-27,3
2004-01-27 19:15:00,2004-01-27,0
2004-01-27 19:16:00,2004-01-27,0
2004-01-27 19:17:00,2004-01-27,0
2004-01-27 19:18:00,2004-01-27,3
2004-01-27 19:19:00,2004-01-27,0
2004-01-27 19:20:00,2004-01-27,0
2004-01-27 19:21:00,2004-01-27,0
2004-01-27 19:22:00,2004-01-27,154
2004-01-27 19:23:00,2004-01-27,3
2004-01-27 19:24:00,2004-01-27,3
2004-01-27 19:25:00,2004-01-27,3
2004-01-27 19:26:00,2004-01-27,0
2004-01-27 19:27:00,2004-01-27,0
2004-01-27 19:28:00,2004-01-27,0
2004-01-27 19:29:00,2004-01-27,0
2004-01-27 19:30:00,2004-01-27,0
2004-01-27 19:31:00,2004-01-27,0
2004-01-27 19:32:00,2004-01-27,0
2004-01-27 19:33:00,2004-01-27,0
2004-01-27 19:34:00,2004-01-27,0
2004-01-27 19:35:00,2004-01-27,0
2004-01-27 19:36:00,2004-01-27,0
2004-01-27 19:37:00,2004-01-27,0
2004-01-27 19:38:00,2004-01-27,0
2004-01-27 19:39:00,2004-01-27,0
2004-01-27 19:40:00,2004-01-27,0
2004-01-27 19:41:00,2004-01-27,0
2004-01-27 19:42:00,2004-01-27,3
2004-01-27 19:43:00,2004-01-27,0
2004-01-27 19:44:00,2004-01-27,3
2004-01-27 19:45:00,2004-01-27,0
2004-01-27 19:46:00,2004-01-27,0
2004-01-27 19:47:00,2004-01-27,0
2004-01-27 19:48:00,2004-01-27,0
2004-01-27 19:49:00,2004-01-27,0
2004-01-27 19:50:00,2004-01-27,0
2004-01-27 19:51:00,2004-01-27,0
2004-01-27 19:52:00,2004-01-27,0
2004-01-27 19:53:00,2004-01-27,0
2004-01-27 19:54:00,2004-01-27,0
2004-01-27 19:55:00,2004-01-27,0
2004-01-27 19:56:00,2004-01-27,0
2004-01-27 19:57:00,2004-01-27,0
2004-01-27 19:58:00,2004-01-27,0
2004-01-27 19:59:00,2004-01-27,0
2004-01-27 20:00:00,2004-01-27,0
2004-01-27 20:01:00,2004-01-27,0
2004-01-27 20:02:00,2004-01-27,3
2004-01-27 20:03:00,2004-01-27,0
2004-01-27 20:04:00,2004-01-27,0
2004-01-27 20:05:00,2004-01-27,3
2004-01-27 20:06:00,2004-01-27,0
2004-01-27 20:07:00,2004-01-27,3
2004-01-27 20:08:00,2004-01-27,0
2004-01-27 20:09:00,2004-01-27,3
2004-01-27 20:10:00,2004-01-27,3
2004-01-27 20:11:00,2004-01-27,0
2004-01-27 20:12:00,2004-01-27,0
2004-01-27 20:13:00,2004-01-27,0
2004-01-27 20:14:00,2004-01-27,0
2004-01-27 20:15:00,2004-01-27,0
2004-01-27 20:16:00,2004-01-27,0
2004-01-27 20:17:00,2004-01-27,3
2004-01-27 20:18:00,2004-01-27,0
2004-01-27 20:19:00,2004-01-27,0
2004-01-27 20:20:00,2004-01-27,0
2004-01-27 20:21:00,2004-01-27,0
2004-01-27 20:22:00,2004-01-27,3
2004-01-27 20:23:00,2004-01-27,0
2004-01-27 20:24:00,2004-01-27,0
2004-01-27 20:25:00,2004-01-27,0
2004-01-27 20:26:00,2004-01-27,0
2004-01-27 20:27:00,2004-01-27,0
2004-01-27 20:28:00,2004-01-27,0
2004-01-27 20:29:00,2004-01-27,0
2004-01-27 20:30:00,2004-01-27,0
2004-01-27 20:31:00,2004-01-27,0
2004-01-27 20:32:00,2004-01-27,0
2004-01-27 20:33:00,2004-01-27,0
2004-01-27 20:34:00,2004-01-27,0
2004-01-27 20:35:00,2004-01-27,0
2004-01-27 20:36:00,2004-01-27,0
2004-01-27 20:37:00,2004-01-27,0
2004-01-27 20:38:00,2004-01-27,3
2004-01-27 20:39:00,2004-01-27,0
2004-01-27 20:40:00,2004-01-27,0
2004-01-27 20:41:00,2004-01-27,0
2004-01-27 20:42:00,2004-01-27,0
2004-01-27 20:43:00,2004-01-27,0
2004-01-27 20:44:00,2004-01-27,0
2004-01-27 20:45:00,2004-01-27,0
2004-01-27 20:46:00,2004-01-27,0
2004-01-27 20:47:00,2004-01-27,0
2004-01-27 20:48:00,2004-01-27,0
2004-01-27 20:49:00,2004-01-27,0
2004-01-27 20:50:00,2004-01-27,0
2004-01-27 20:51:00,2004-01-27,0
2004-01-27 20:52:00,2004-01-27,0
2004-01-27 20:53:00,2004-01-27,0
2004-01-27 20:54:00,2004-01-27,0
2004-01-27 20:55:00,2004-01-27,0
2004-01-27 20:56:00,2004-01-27,0
2004-01-27 20:57:00,2004-01-27,0
2004-01-27 20:58:00,2004-01-27,0
2004-01-27 20:59:00,2004-01-27,0
2004-01-27 21:00:00,2004-01-27,0
2004-01-27 21:01:00,2004-01-27,0
2004-01-27 21:02:00,2004-01-27,0
2004-01-27 21:03:00,2004-01-27,0
2004-01-27 21:04:00,2004-01-27,0
2004-01-27 21:05:00,2004-01-27,0
2004-01-27 21:06:00,2004-01-27,0
2004-01-27 21:07:00,2004-01-27,0
2004-01-27 21:08:00,2004-01-27,0
2004-01-27 21:09:00,2004-01-27,0
2004-01-27 21:10:00,2004-01-27,0
2004-01-27 21:11:00,2004-01-27,0
2004-01-27 21:12:00,2004-01-27,0
2004-01-27 21:13:00,2004-01-27,0
2004-01-27 21:14:00,2004-01-27,0
2004-01-27 21:15:00,2004-01-27,0
2004-01-27 21:16:00,2004-01-27,0
2004-01-27 21:17:00,2004-01-27,0
2004-01-27 21:18:00,2004-01-27,0
2004-01-27 21:19:00,2004-01-27,0
2004-01-27 21:20:00,2004-01-27,0
2004-01-27 21:21:00,2004-01-27,0
2004-01-27 21:22:00,2004-01-27,0
2004-01-27 21:23:00,2004-01-27,0
2004-01-27 21:24:00,2004-01-27,0
2004-01-27 21:25:00,2004-01-27,0
2004-01-27 21:26:00,2004-01-27,0
2004-01-27 21:27:00,2004-01-27,0
2004-01-27 21:28:00,2004-01-27,0
2004-01-27 21:29:00,2004-01-27,0
2004-01-27 21:30:00,2004-01-27,0
2004-01-27 21:31:00,2004-01-27,0
2004-01-27 21:32:00,2004-01-27,0
2004-01-27 21:33:00,2004-01-27,0
2004-01-27 21:34:00,2004-01-27,0
2004-01-27 21:35:00,2004-01-27,0
2004-01-27 21:36:00,2004-01-27,0
2004-01-27 21:37:00,2004-01-27,3
2004-01-27 21:38:00,2004-01-27,0
2004-01-27 21:39:00,2004-01-27,0
2004-01-27 21:40:00,2004-01-27,0
2004-01-27 21:41:00,2004-01-27,0
2004-01-27 21:42:00,2004-01-27,0
2004-01-27 21:43:00,2004-01-27,0
2004-01-27 21:44:00,2004-01-27,0
2004-01-27 21:45:00,2004-01-27,0
2004-01-27 21:46:00,2004-01-27,0
2004-01-27 21:47:00,2004-01-27,0
2004-01-27 21:48:00,2004-01-27,0
2004-01-27 21:49:00,2004-01-27,0
2004-01-27 21:50:00,2004-01-27,32
2004-01-27 21:51:00,2004-01-27,71
2004-01-27 21:52:00,2004-01-27,3
2004-01-27 21:53:00,2004-01-27,0
2004-01-27 21:54:00,2004-01-27,0
2004-01-27 21:55:00,2004-01-27,0
2004-01-27 21:56:00,2004-01-27,0
2004-01-27 21:57:00,2004-01-27,0
2004-01-27 21:58:00,2004-01-27,0
2004-01-27 21:59:00,2004-01-27,0
2004-01-27 22:00:00,2004-01-27,0
2004-01-27 22:01:00,2004-01-27,0
2004-01-27 22:02:00,2004-01-27,0
2004-01-27 22:03:00,2004-01-27,0
2004-01-27 22:04:00,2004-01-27,0
2004-01-27 22:05:00,2004-01-27,0
2004-01-27 22:06:00,2004-01-27,0
2004-01-27 22:07:00,2004-01-27,0
2004-01-27 22:08:00,2004-01-27,0
2004-01-27 22:09:00,2004-01-27,0
2004-01-27 22:10:00,2004-01-27,0
2004-01-27 22:11:00,2004-01-27,0
2004-01-27 22:12:00,2004-01-27,0
2004-01-27 22:13:00,2004-01-27,0
2004-01-27 22:14:00,2004-01-27,0
2004-01-27 22:15:00,2004-01-27,0
2004-01-27 22:16:00,2004-01-27,0
2004-01-27 22:17:00,2004-01-27,0
2004-01-27 22:18:00,2004-01-27,0
2004-01-27 22:19:00,2004-01-27,0
2004-01-27 22:20:00,2004-01-27,0
2004-01-27 22:21:00,2004-01-27,0
2004-01-27 22:22:00,2004-01-27,0
2004-01-27 22:23:00,2004-01-27,0
2004-01-27 22:24:00,2004-01-27,0
2004-01-27 22:25:00,2004-01-27,0
2004-01-27 22:26:00,2004-01-27,0
2004-01-27 22:27:00,2004-01-27,0
2004-01-27 22:28:00,2004-01-27,0
2004-01-27 22:29:00,2004-01-27,0
2004-01-27 22:30:00,2004-01-27,0
2004-01-27 22:31:00,2004-01-27,0
2004-01-27 22:32:00,2004-01-27,0
2004-01-27 22:33:00,2004-01-27,0
2004-01-27 22:34:00,2004-01-27,0
2004-01-27 22:35:00,2004-01-27,0
2004-01-27 22:36:00,2004-01-27,0
2004-01-27 22:37:00,2004-01-27,0
2004-01-27 22:38:00,2004-01-27,0
2004-01-27 22:39:00,2004-01-27,0
2004-01-27 22:40:00,2004-01-27,0
2004-01-27 22:41:00,2004-01-27,0
2004-01-27 22:42:00,2004-01-27,0
2004-01-27 22:43:00,2004-01-27,0
2004-01-27 22:44:00,2004-01-27,0
2004-01-27 22:45:00,2004-01-27,0
2004-01-27 22:46:00,2004-01-27,0
2004-01-27 22:47:00,2004-01-27,0
2004-01-27 22:48:00,2004-01-27,0
2004-01-27 22:49:00,2004-01-27,0
2004-01-27 22:50:00,2004-01-27,0
2004-01-27 22:51:00,2004-01-27,0
2004-01-27 22:52:00,2004-01-27,0
2004-01-27 22:53:00,2004-01-27,0
2004-01-27 22:54:00,2004-01-27,0
2004-01-27 22:55:00,2004-01-27,0
2004-01-27 22:56:00,2004-01-27,0
2004-01-27 22:57:00,2004-01-27,0
2004-01-27 22:58:00,2004-01-27,0
2004-01-27 22:59:00,2004-01-27,0
2004-01-27 23:00:00,2004-01-27,3
2004-01-27 23:01:00,2004-01-27,0
2004-01-27 23:02:00,2004-01-27,0
2004-01-27 23:03:00,2004-01-27,0
2004-01-27 23:04:00,2004-01-27,0
2004-01-27 23:05:00,2004-01-27,0
2004-01-27 23:06:00,2004-01-27,0
2004-01-27 23:07:00,2004-01-27,0
2004-01-27 23:08:00,2004-01-27,0
2004-01-27 23:09:00,2004-01-27,0
2004-01-27 23:10:00,2004-01-27,0
2004-01-27 23:11:00,2004-01-27,3
2004-01-27 23:12:00,2004-01-27,468
2004-01-27 23:13:00,2004-01-27,624
2004-01-27 23:14:00,2004-01-27,10
2004-01-27 23:15:00,2004-01-27,3
2004-01-27 23:16:00,2004-01-27,3
2004-01-27 23:17:00,2004-01-27,3
2004-01-27 23:18:00,2004-01-27,3
2004-01-27 23:19:00,2004-01-27,3
2004-01-27 23:20:00,2004-01-27,3
2004-01-27 23:21:00,2004-01-27,0
2004-01-27 23:22:00,2004-01-27,40
2004-01-27 23:23:00,2004-01-27,3
2004-01-27 23:24:00,2004-01-27,3
2004-01-27 23:25:00,2004-01-27,3
2004-01-27 23:26:00,2004-01-27,0
2004-01-27 23:27:00,2004-01-27,0
2004-01-27 23:28:00,2004-01-27,0
2004-01-27 23:29:00,2004-01-27,0
2004-01-27 23:30:00,2004-01-27,0
2004-01-27 23:31:00,2004-01-27,0
2004-01-27 23:32:00,2004-01-27,0
2004-01-27 23:33:00,2004-01-27,0
2004-01-27 23:34:00,2004-01-27,0
2004-01-27 23:35:00,2004-01-27,0
2004-01-27 23:36:00,2004-01-27,0
2004-01-27 23:37:00,2004-01-27,0
2004-01-27 23:38:00,2004-01-27,0
2004-01-27 23:39:00,2004-01-27,0
2004-01-27 23:40:00,2004-01-27,0
2004-01-27 23:41:00,2004-01-27,0
2004-01-27 23:42:00,2004-01-27,0
2004-01-27 23:43:00,2004-01-27,0
2004-01-27 23:44:00,2004-01-27,0
2004-01-27 23:45:00,2004-01-27,0
2004-01-27 23:46:00,2004-01-27,0
2004-01-27 23:47:00,2004-01-27,0
2004-01-27 23:48:00,2004-01-27,0
2004-01-27 23:49:00,2004-01-27,0
2004-01-27 23:50:00,2004-01-27,0
2004-01-27 23:51:00,2004-01-27,0
2004-01-27 23:52:00,2004-01-27,0
2004-01-27 23:53:00,2004-01-27,0
2004-01-27 23:54:00,2004-01-27,0
2004-01-27 23:55:00,2004-01-27,0
2004-01-27 23:56:00,2004-01-27,0
2004-01-27 23:57:00,2004-01-27,0
2004-01-27 23:58:00,2004-01-27,0
2004-01-27 23:59:00,2004-01-27,0
2004-01-28 00:00:00,2004-01-28,0
2004-01-28 00:01:00,2004-01-28,0
2004-01-28 00:02:00,2004-01-28,0
2004-01-28 00:03:00,2004-01-28,0
2004-01-28 00:04:00,2004-01-28,0
2004-01-28 00:05:00,2004-01-28,0
2004-01-28 00:06:00,2004-01-28,0
2004-01-28 00:07:00,2004-01-28,0
2004-01-28 00:08:00,2004-01-28,0
2004-01-28 00:09:00,2004-01-28,0
2004-01-28 00:10:00,2004-01-28,0
2004-01-28 00:11:00,2004-01-28,0
2004-01-28 00:12:00,2004-01-28,0
2004-01-28 00:13:00,2004-01-28,0
2004-01-28 00:14:00,2004-01-28,0
2004-01-28 00:15:00,2004-01-28,0
2004-01-28 00:16:00,2004-01-28,0
2004-01-28 00:17:00,2004-01-28,0
2004-01-28 00:18:00,2004-01-28,0
2004-01-28 00:19:00,2004-01-28,0
2004-01-28 00:20:00,2004-01-28,0
2004-01-28 00:21:00,2004-01-28,0
2004-01-28 00:22:00,2004-01-28,0
2004-01-28 00:23:00,2004-01-28,0
2004-01-28 00:24:00,2004-01-28,0
2004-01-28 00:25:00,2004-01-28,0
2004-01-28 00:26:00,2004-01-28,0
2004-01-28 00:27:00,2004-01-28,0
2004-01-28 00:28:00,2004-01-28,0
2004-01-28 00:29:00,2004-01-28,0
2004-01-28 00:30:00,2004-01-28,0
2004-01-28 00:31:00,2004-01-28,0
2004-01-28 00:32:00,2004-01-28,0
2004-01-28 00:33:00,2004-01-28,0
2004-01-28 00:34:00,2004-01-28,0
2004-01-28 00:35:00,2004-01-28,0
2004-01-28 00:36:00,2004-01-28,0
2004-01-28 00:37:00,2004-01-28,0
2004-01-28 00:38:00,2004-01-28,0
2004-01-28 00:39:00,2004-01-28,0
2004-01-28 00:40:00,2004-01-28,0
2004-01-28 00:41:00,2004-01-28,0
2004-01-28 00:42:00,2004-01-28,0
2004-01-28 00:43:00,2004-01-28,0
2004-01-28 00:44:00,2004-01-28,0
2004-01-28 00:45:00,2004-01-28,0
2004-01-28 00:46:00,2004-01-28,0
2004-01-28 00:47:00,2004-01-28,0
2004-01-28 00:48:00,2004-01-28,0
2004-01-28 00:49:00,2004-01-28,0
2004-01-28 00:50:00,2004-01-28,0
2004-01-28 00:51:00,2004-01-28,0
2004-01-28 00:52:00,2004-01-28,0
2004-01-28 00:53:00,2004-01-28,0
2004-01-28 00:54:00,2004-01-28,0
2004-01-28 00:55:00,2004-01-28,0
2004-01-28 00:56:00,2004-01-28,0
2004-01-28 00:57:00,2004-01-28,0
2004-01-28 00:58:00,2004-01-28,0
2004-01-28 00:59:00,2004-01-28,0
2004-01-28 01:00:00,2004-01-28,0
2004-01-28 01:01:00,2004-01-28,0
2004-01-28 01:02:00,2004-01-28,0
2004-01-28 01:03:00,2004-01-28,0
2004-01-28 01:04:00,2004-01-28,0
2004-01-28 01:05:00,2004-01-28,0
2004-01-28 01:06:00,2004-01-28,0
2004-01-28 01:07:00,2004-01-28,0
2004-01-28 01:08:00,2004-01-28,0
2004-01-28 01:09:00,2004-01-28,0
2004-01-28 01:10:00,2004-01-28,0
2004-01-28 01:11:00,2004-01-28,0
2004-01-28 01:12:00,2004-01-28,0
2004-01-28 01:13:00,2004-01-28,0
2004-01-28 01:14:00,2004-01-28,0
2004-01-28 01:15:00,2004-01-28,0
2004-01-28 01:16:00,2004-01-28,0
2004-01-28 01:17:00,2004-01-28,0
2004-01-28 01:18:00,2004-01-28,0
2004-01-28 01:19:00,2004-01-28,0
2004-01-28 01:20:00,2004-01-28,0
2004-01-28 01:21:00,2004-01-28,0
2004-01-28 01:22:00,2004-01-28,0
2004-01-28 01:23:00,2004-01-28,0
2004-01-28 01:24:00,2004-01-28,0
2004-01-28 01:25:00,2004-01-28,0
2004-01-28 01:26:00,2004-01-28,0
2004-01-28 01:27:00,2004-01-28,0
2004-01-28 01:28:00,2004-01-28,0
2004-01-28 01:29:00,2004-01-28,0
2004-01-28 01:30:00,2004-01-28,0
2004-01-28 01:31:00,2004-01-28,0
2004-01-28 01:32:00,2004-01-28,0
2004-01-28 01:33:00,2004-01-28,0
2004-01-28 01:34:00,2004-01-28,0
2004-01-28 01:35:00,2004-01-28,0
2004-01-28 01:36:00,2004-01-28,0
2004-01-28 01:37:00,2004-01-28,0
2004-01-28 01:38:00,2004-01-28,0
2004-01-28 01:39:00,2004-01-28,0
2004-01-28 01:40:00,2004-01-28,0
2004-01-28 01:41:00,2004-01-28,0
2004-01-28 01:42:00,2004-01-28,0
2004-01-28 01:43:00,2004-01-28,0
2004-01-28 01:44:00,2004-01-28,0
2004-01-28 01:45:00,2004-01-28,0
2004-01-28 01:46:00,2004-01-28,0
2004-01-28 01:47:00,2004-01-28,0
2004-01-28 01:48:00,2004-01-28,0
2004-01-28 01:49:00,2004-01-28,0
2004-01-28 01:50:00,2004-01-28,0
2004-01-28 01:51:00,2004-01-28,0
2004-01-28 01:52:00,2004-01-28,0
2004-01-28 01:53:00,2004-01-28,0
2004-01-28 01:54:00,2004-01-28,0
2004-01-28 01:55:00,2004-01-28,0
2004-01-28 01:56:00,2004-01-28,0
2004-01-28 01:57:00,2004-01-28,0
2004-01-28 01:58:00,2004-01-28,0
2004-01-28 01:59:00,2004-01-28,0
2004-01-28 02:00:00,2004-01-28,0
2004-01-28 02:01:00,2004-01-28,0
2004-01-28 02:02:00,2004-01-28,0
2004-01-28 02:03:00,2004-01-28,0
2004-01-28 02:04:00,2004-01-28,0
2004-01-28 02:05:00,2004-01-28,0
2004-01-28 02:06:00,2004-01-28,0
2004-01-28 02:07:00,2004-01-28,0
2004-01-28 02:08:00,2004-01-28,0
2004-01-28 02:09:00,2004-01-28,0
2004-01-28 02:10:00,2004-01-28,0
2004-01-28 02:11:00,2004-01-28,0
2004-01-28 02:12:00,2004-01-28,0
2004-01-28 02:13:00,2004-01-28,0
2004-01-28 02:14:00,2004-01-28,0
2004-01-28 02:15:00,2004-01-28,0
2004-01-28 02:16:00,2004-01-28,0
2004-01-28 02:17:00,2004-01-28,0
2004-01-28 02:18:00,2004-01-28,0
2004-01-28 02:19:00,2004-01-28,0
2004-01-28 02:20:00,2004-01-28,0
2004-01-28 02:21:00,2004-01-28,0
2004-01-28 02:22:00,2004-01-28,0
2004-01-28 02:23:00,2004-01-28,0
2004-01-28 02:24:00,2004-01-28,0
2004-01-28 02:25:00,2004-01-28,0
2004-01-28 02:26:00,2004-01-28,0
2004-01-28 02:27:00,2004-01-28,0
2004-01-28 02:28:00,2004-01-28,0
2004-01-28 02:29:00,2004-01-28,0
2004-01-28 02:30:00,2004-01-28,0
2004-01-28 02:31:00,2004-01-28,0
2004-01-28 02:32:00,2004-01-28,0
2004-01-28 02:33:00,2004-01-28,0
2004-01-28 02:34:00,2004-01-28,0
2004-01-28 02:35:00,2004-01-28,0
2004-01-28 02:36:00,2004-01-28,0
2004-01-28 02:37:00,2004-01-28,0
2004-01-28 02:38:00,2004-01-28,0
2004-01-28 02:39:00,2004-01-28,0
2004-01-28 02:40:00,2004-01-28,0
2004-01-28 02:41:00,2004-01-28,0
2004-01-28 02:42:00,2004-01-28,0
2004-01-28 02:43:00,2004-01-28,0
2004-01-28 02:44:00,2004-01-28,0
2004-01-28 02:45:00,2004-01-28,0
2004-01-28 02:46:00,2004-01-28,0
2004-01-28 02:47:00,2004-01-28,0
2004-01-28 02:48:00,2004-01-28,0
2004-01-28 02:49:00,2004-01-28,0
2004-01-28 02:50:00,2004-01-28,0
2004-01-28 02:51:00,2004-01-28,0
2004-01-28 02:52:00,2004-01-28,0
2004-01-28 02:53:00,2004-01-28,0
2004-01-28 02:54:00,2004-01-28,0
2004-01-28 02:55:00,2004-01-28,0
2004-01-28 02:56:00,2004-01-28,0
2004-01-28 02:57:00,2004-01-28,0
2004-01-28 02:58:00,2004-01-28,0
2004-01-28 02:59:00,2004-01-28,0
2004-01-28 03:00:00,2004-01-28,0
2004-01-28 03:01:00,2004-01-28,0
2004-01-28 03:02:00,2004-01-28,0
2004-01-28 03:03:00,2004-01-28,0
2004-01-28 03:04:00,2004-01-28,0
2004-01-28 03:05:00,2004-01-28,0
2004-01-28 03:06:00,2004-01-28,0
2004-01-28 03:07:00,2004-01-28,0
2004-01-28 03:08:00,2004-01-28,0
2004-01-28 03:09:00,2004-01-28,0
2004-01-28 03:10:00,2004-01-28,0
2004-01-28 03:11:00,2004-01-28,0
2004-01-28 03:12:00,2004-01-28,0
2004-01-28 03:13:00,2004-01-28,0
2004-01-28 03:14:00,2004-01-28,0
2004-01-28 03:15:00,2004-01-28,0
2004-01-28 03:16:00,2004-01-28,0
2004-01-28 03:17:00,2004-01-28,0
2004-01-28 03:18:00,2004-01-28,0
2004-01-28 03:19:00,2004-01-28,0
2004-01-28 03:20:00,2004-01-28,0
2004-01-28 03:21:00,2004-01-28,0
2004-01-28 03:22:00,2004-01-28,0
2004-01-28 03:23:00,2004-01-28,0
2004-01-28 03:24:00,2004-01-28,0
2004-01-28 03:25:00,2004-01-28,0
2004-01-28 03:26:00,2004-01-28,0
2004-01-28 03:27:00,2004-01-28,0
2004-01-28 03:28:00,2004-01-28,0
2004-01-28 03:29:00,2004-01-28,0
2004-01-28 03:30:00,2004-01-28,0
2004-01-28 03:31:00,2004-01-28,0
2004-01-28 03:32:00,2004-01-28,0
2004-01-28 03:33:00,2004-01-28,0
2004-01-28 03:34:00,2004-01-28,0
2004-01-28 03:35:00,2004-01-28,0
2004-01-28 03:36:00,2004-01-28,0
2004-01-28 03:37:00,2004-01-28,0
2004-01-28 03:38:00,2004-01-28,0
2004-01-28 03:39:00,2004-01-28,0
2004-01-28 03:40:00,2004-01-28,0
2004-01-28 03:41:00,2004-01-28,0
2004-01-28 03:42:00,2004-01-28,0
2004-01-28 03:43:00,2004-01-28,0
2004-01-28 03:44:00,2004-01-28,0
2004-01-28 03:45:00,2004-01-28,0
2004-01-28 03:46:00,2004-01-28,0
2004-01-28 03:47:00,2004-01-28,0
2004-01-28 03:48:00,2004-01-28,0
2004-01-28 03:49:00,2004-01-28,0
2004-01-28 03:50:00,2004-01-28,0
2004-01-28 03:51:00,2004-01-28,0
2004-01-28 03:52:00,2004-01-28,0
2004-01-28 03:53:00,2004-01-28,0
2004-01-28 03:54:00,2004-01-28,0
2004-01-28 03:55:00,2004-01-28,0
2004-01-28 03:56:00,2004-01-28,0
2004-01-28 03:57:00,2004-01-28,0
2004-01-28 03:58:00,2004-01-28,0
2004-01-28 03:59:00,2004-01-28,0
2004-01-28 04:00:00,2004-01-28,0
2004-01-28 04:01:00,2004-01-28,0
2004-01-28 04:02:00,2004-01-28,0
2004-01-28 04:03:00,2004-01-28,0
2004-01-28 04:04:00,2004-01-28,0
2004-01-28 04:05:00,2004-01-28,0
2004-01-28 04:06:00,2004-01-28,0
2004-01-28 04:07:00,2004-01-28,0
2004-01-28 04:08:00,2004-01-28,0
2004-01-28 04:09:00,2004-01-28,0
2004-01-28 04:10:00,2004-01-28,0
2004-01-28 04:11:00,2004-01-28,0
2004-01-28 04:12:00,2004-01-28,0
2004-01-28 04:13:00,2004-01-28,0
2004-01-28 04:14:00,2004-01-28,0
2004-01-28 04:15:00,2004-01-28,0
2004-01-28 04:16:00,2004-01-28,0
2004-01-28 04:17:00,2004-01-28,0
2004-01-28 04:18:00,2004-01-28,0
2004-01-28 04:19:00,2004-01-28,0
2004-01-28 04:20:00,2004-01-28,0
2004-01-28 04:21:00,2004-01-28,0
2004-01-28 04:22:00,2004-01-28,0
2004-01-28 04:23:00,2004-01-28,0
2004-01-28 04:24:00,2004-01-28,0
2004-01-28 04:25:00,2004-01-28,0
2004-01-28 04:26:00,2004-01-28,0
2004-01-28 04:27:00,2004-01-28,0
2004-01-28 04:28:00,2004-01-28,0
2004-01-28 04:29:00,2004-01-28,0
2004-01-28 04:30:00,2004-01-28,0
2004-01-28 04:31:00,2004-01-28,0
2004-01-28 04:32:00,2004-01-28,0
2004-01-28 04:33:00,2004-01-28,0
2004-01-28 04:34:00,2004-01-28,0
2004-01-28 04:35:00,2004-01-28,0
2004-01-28 04:36:00,2004-01-28,0
2004-01-28 04:37:00,2004-01-28,0
2004-01-28 04:38:00,2004-01-28,0
2004-01-28 04:39:00,2004-01-28,0
2004-01-28 04:40:00,2004-01-28,0
2004-01-28 04:41:00,2004-01-28,0
2004-01-28 04:42:00,2004-01-28,0
2004-01-28 04:43:00,2004-01-28,0
2004-01-28 04:44:00,2004-01-28,0
2004-01-28 04:45:00,2004-01-28,0
2004-01-28 04:46:00,2004-01-28,0
2004-01-28 04:47:00,2004-01-28,0
2004-01-28 04:48:00,2004-01-28,0
2004-01-28 04:49:00,2004-01-28,0
2004-01-28 04:50:00,2004-01-28,0
2004-01-28 04:51:00,2004-01-28,0
2004-01-28 04:52:00,2004-01-28,0
2004-01-28 04:53:00,2004-01-28,0
2004-01-28 04:54:00,2004-01-28,0
2004-01-28 04:55:00,2004-01-28,0
2004-01-28 04:56:00,2004-01-28,0
2004-01-28 04:57:00,2004-01-28,0
2004-01-28 04:58:00,2004-01-28,0
2004-01-28 04:59:00,2004-01-28,0
2004-01-28 05:00:00,2004-01-28,0
2004-01-28 05:01:00,2004-01-28,0
2004-01-28 05:02:00,2004-01-28,0
2004-01-28 05:03:00,2004-01-28,0
2004-01-28 05:04:00,2004-01-28,0
2004-01-28 05:05:00,2004-01-28,0
2004-01-28 05:06:00,2004-01-28,0
2004-01-28 05:07:00,2004-01-28,0
2004-01-28 05:08:00,2004-01-28,0
2004-01-28 05:09:00,2004-01-28,0
2004-01-28 05:10:00,2004-01-28,0
2004-01-28 05:11:00,2004-01-28,0
2004-01-28 05:12:00,2004-01-28,0
2004-01-28 05:13:00,2004-01-28,0
2004-01-28 05:14:00,2004-01-28,0
2004-01-28 05:15:00,2004-01-28,0
2004-01-28 05:16:00,2004-01-28,0
2004-01-28 05:17:00,2004-01-28,0
2004-01-28 05:18:00,2004-01-28,0
2004-01-28 05:19:00,2004-01-28,0
2004-01-28 05:20:00,2004-01-28,0
2004-01-28 05:21:00,2004-01-28,0
2004-01-28 05:22:00,2004-01-28,0
2004-01-28 05:23:00,2004-01-28,0
2004-01-28 05:24:00,2004-01-28,0
2004-01-28 05:25:00,2004-01-28,0
2004-01-28 05:26:00,2004-01-28,0
2004-01-28 05:27:00,2004-01-28,0
2004-01-28 05:28:00,2004-01-28,0
2004-01-28 05:29:00,2004-01-28,0
2004-01-28 05:30:00,2004-01-28,0
2004-01-28 05:31:00,2004-01-28,0
2004-01-28 05:32:00,2004-01-28,0
2004-01-28 05:33:00,2004-01-28,0
2004-01-28 05:34:00,2004-01-28,0
2004-01-28 05:35:00,2004-01-28,0
2004-01-28 05:36:00,2004-01-28,0
2004-01-28 05:37:00,2004-01-28,0
2004-01-28 05:38:00,2004-01-28,0
2004-01-28 05:39:00,2004-01-28,0
2004-01-28 05:40:00,2004-01-28,0
2004-01-28 05:41:00,2004-01-28,0
2004-01-28 05:42:00,2004-01-28,0
2004-01-28 05:43:00,2004-01-28,0
2004-01-28 05:44:00,2004-01-28,0
2004-01-28 05:45:00,2004-01-28,0
2004-01-28 05:46:00,2004-01-28,0
2004-01-28 05:47:00,2004-01-28,0
2004-01-28 05:48:00,2004-01-28,0
2004-01-28 05:49:00,2004-01-28,0
2004-01-28 05:50:00,2004-01-28,0
2004-01-28 05:51:00,2004-01-28,0
2004-01-28 05:52:00,2004-01-28,0
2004-01-28 05:53:00,2004-01-28,0
2004-01-28 05:54:00,2004-01-28,0
2004-01-28 05:55:00,2004-01-28,0
2004-01-28 05:56:00,2004-01-28,0
2004-01-28 05:57:00,2004-01-28,0
2004-01-28 05:58:00,2004-01-28,0
2004-01-28 05:59:00,2004-01-28,0
2004-01-28 06:00:00,2004-01-28,0
2004-01-28 06:01:00,2004-01-28,0
2004-01-28 06:02:00,2004-01-28,0
2004-01-28 06:03:00,2004-01-28,0
2004-01-28 06:04:00,2004-01-28,0
2004-01-28 06:05:00,2004-01-28,0
2004-01-28 06:06:00,2004-01-28,0
2004-01-28 06:07:00,2004-01-28,0
2004-01-28 06:08:00,2004-01-28,0
2004-01-28 06:09:00,2004-01-28,0
2004-01-28 06:10:00,2004-01-28,0
2004-01-28 06:11:00,2004-01-28,0
2004-01-28 06:12:00,2004-01-28,0
2004-01-28 06:13:00,2004-01-28,0
2004-01-28 06:14:00,2004-01-28,0
2004-01-28 06:15:00,2004-01-28,0
2004-01-28 06:16:00,2004-01-28,0
2004-01-28 06:17:00,2004-01-28,0
2004-01-28 06:18:00,2004-01-28,0
2004-01-28 06:19:00,2004-01-28,0
2004-01-28 06:20:00,2004-01-28,0
2004-01-28 06:21:00,2004-01-28,0
2004-01-28 06:22:00,2004-01-28,0
2004-01-28 06:23:00,2004-01-28,0
2004-01-28 06:24:00,2004-01-28,0
2004-01-28 06:25:00,2004-01-28,0
2004-01-28 06:26:00,2004-01-28,0
2004-01-28 06:27:00,2004-01-28,0
2004-01-28 06:28:00,2004-01-28,0
2004-01-28 06:29:00,2004-01-28,0
2004-01-28 06:30:00,2004-01-28,0
2004-01-28 06:31:00,2004-01-28,0
2004-01-28 06:32:00,2004-01-28,0
2004-01-28 06:33:00,2004-01-28,0
2004-01-28 06:34:00,2004-01-28,0
2004-01-28 06:35:00,2004-01-28,0
2004-01-28 06:36:00,2004-01-28,0
2004-01-28 06:37:00,2004-01-28,0
2004-01-28 06:38:00,2004-01-28,0
2004-01-28 06:39:00,2004-01-28,0
2004-01-28 06:40:00,2004-01-28,0
2004-01-28 06:41:00,2004-01-28,0
2004-01-28 06:42:00,2004-01-28,0
2004-01-28 06:43:00,2004-01-28,0
2004-01-28 06:44:00,2004-01-28,0
2004-01-28 06:45:00,2004-01-28,0
2004-01-28 06:46:00,2004-01-28,0
2004-01-28 06:47:00,2004-01-28,0
2004-01-28 06:48:00,2004-01-28,0
2004-01-28 06:49:00,2004-01-28,0
2004-01-28 06:50:00,2004-01-28,0
2004-01-28 06:51:00,2004-01-28,0
2004-01-28 06:52:00,2004-01-28,0
2004-01-28 06:53:00,2004-01-28,0
2004-01-28 06:54:00,2004-01-28,0
2004-01-28 06:55:00,2004-01-28,0
2004-01-28 06:56:00,2004-01-28,0
2004-01-28 06:57:00,2004-01-28,0
2004-01-28 06:58:00,2004-01-28,0
2004-01-28 06:59:00,2004-01-28,0
2004-01-28 07:00:00,2004-01-28,0
2004-01-28 07:01:00,2004-01-28,0
2004-01-28 07:02:00,2004-01-28,0
2004-01-28 07:03:00,2004-01-28,0
2004-01-28 07:04:00,2004-01-28,0
2004-01-28 07:05:00,2004-01-28,0
2004-01-28 07:06:00,2004-01-28,0
2004-01-28 07:07:00,2004-01-28,0
2004-01-28 07:08:00,2004-01-28,0
2004-01-28 07:09:00,2004-01-28,0
2004-01-28 07:10:00,2004-01-28,0
2004-01-28 07:11:00,2004-01-28,0
2004-01-28 07:12:00,2004-01-28,0
2004-01-28 07:13:00,2004-01-28,0
2004-01-28 07:14:00,2004-01-28,0
2004-01-28 07:15:00,2004-01-28,0
2004-01-28 07:16:00,2004-01-28,0
2004-01-28 07:17:00,2004-01-28,0
2004-01-28 07:18:00,2004-01-28,0
2004-01-28 07:19:00,2004-01-28,0
2004-01-28 07:20:00,2004-01-28,0
2004-01-28 07:21:00,2004-01-28,0
2004-01-28 07:22:00,2004-01-28,0
2004-01-28 07:23:00,2004-01-28,0
2004-01-28 07:24:00,2004-01-28,0
2004-01-28 07:25:00,2004-01-28,0
2004-01-28 07:26:00,2004-01-28,0
2004-01-28 07:27:00,2004-01-28,0
2004-01-28 07:28:00,2004-01-28,0
2004-01-28 07:29:00,2004-01-28,0
2004-01-28 07:30:00,2004-01-28,0
2004-01-28 07:31:00,2004-01-28,0
2004-01-28 07:32:00,2004-01-28,0
2004-01-28 07:33:00,2004-01-28,3
2004-01-28 07:34:00,2004-01-28,0
2004-01-28 07:35:00,2004-01-28,0
2004-01-28 07:36:00,2004-01-28,0
2004-01-28 07:37:00,2004-01-28,0
2004-01-28 07:38:00,2004-01-28,0
2004-01-28 07:39:00,2004-01-28,0
2004-01-28 07:40:00,2004-01-28,0
2004-01-28 07:41:00,2004-01-28,0
2004-01-28 07:42:00,2004-01-28,0
2004-01-28 07:43:00,2004-01-28,0
2004-01-28 07:44:00,2004-01-28,0
2004-01-28 07:45:00,2004-01-28,0
2004-01-28 07:46:00,2004-01-28,0
2004-01-28 07:47:00,2004-01-28,0
2004-01-28 07:48:00,2004-01-28,0
2004-01-28 07:49:00,2004-01-28,3
2004-01-28 07:50:00,2004-01-28,0
2004-01-28 07:51:00,2004-01-28,0
2004-01-28 07:52:00,2004-01-28,0
2004-01-28 07:53:00,2004-01-28,0
2004-01-28 07:54:00,2004-01-28,0
2004-01-28 07:55:00,2004-01-28,0
2004-01-28 07:56:00,2004-01-28,0
2004-01-28 07:57:00,2004-01-28,9
2004-01-28 07:58:00,2004-01-28,3
2004-01-28 07:59:00,2004-01-28,13
2004-01-28 08:00:00,2004-01-28,3
2004-01-28 08:01:00,2004-01-28,143
2004-01-28 08:02:00,2004-01-28,468
2004-01-28 08:03:00,2004-01-28,116
2004-01-28 08:04:00,2004-01-28,3
2004-01-28 08:05:00,2004-01-28,3
2004-01-28 08:06:00,2004-01-28,3
2004-01-28 08:07:00,2004-01-28,0
2004-01-28 08:08:00,2004-01-28,0
2004-01-28 08:09:00,2004-01-28,0
2004-01-28 08:10:00,2004-01-28,259
2004-01-28 08:11:00,2004-01-28,945
2004-01-28 08:12:00,2004-01-28,733
2004-01-28 08:13:00,2004-01-28,43
2004-01-28 08:14:00,2004-01-28,129
2004-01-28 08:15:00,2004-01-28,107
2004-01-28 08:16:00,2004-01-28,125
2004-01-28 08:17:00,2004-01-28,88
2004-01-28 08:18:00,2004-01-28,88
2004-01-28 08:19:00,2004-01-28,79
2004-01-28 08:20:00,2004-01-28,32
2004-01-28 08:21:00,2004-01-28,56
2004-01-28 08:22:00,2004-01-28,129
2004-01-28 08:23:00,2004-01-28,43
2004-01-28 08:24:00,2004-01-28,103
2004-01-28 08:25:00,2004-01-28,43
2004-01-28 08:26:00,2004-01-28,129
2004-01-28 08:27:00,2004-01-28,43
2004-01-28 08:28:00,2004-01-28,21
2004-01-28 08:29:00,2004-01-28,29
2004-01-28 08:30:00,2004-01-28,9
2004-01-28 08:31:00,2004-01-28,7
2004-01-28 08:32:00,2004-01-28,4
2004-01-28 08:33:00,2004-01-28,4
2004-01-28 08:34:00,2004-01-28,6
2004-01-28 08:35:00,2004-01-28,4
2004-01-28 08:36:00,2004-01-28,4
2004-01-28 08:37:00,2004-01-28,4
2004-01-28 08:38:00,2004-01-28,9
2004-01-28 08:39:00,2004-01-28,4
2004-01-28 08:40:00,2004-01-28,9
2004-01-28 08:41:00,2004-01-28,37
2004-01-28 08:42:00,2004-01-28,4
2004-01-28 08:43:00,2004-01-28,18
2004-01-28 08:44:00,2004-01-28,31
2004-01-28 08:45:00,2004-01-28,62
2004-01-28 08:46:00,2004-01-28,103
2004-01-28 08:47:00,2004-01-28,1106
2004-01-28 08:48:00,2004-01-28,1379
2004-01-28 08:49:00,2004-01-28,756
2004-01-28 08:50:00,2004-01-28,605
2004-01-28 08:51:00,2004-01-28,424
2004-01-28 08:52:00,2004-01-28,85
2004-01-28 08:53:00,2004-01-28,205
2004-01-28 08:54:00,2004-01-28,7
2004-01-28 08:55:00,2004-01-28,4
2004-01-28 08:56:00,2004-01-28,4
2004-01-28 08:57:00,2004-01-28,3
2004-01-28 08:58:00,2004-01-28,3
2004-01-28 08:59:00,2004-01-28,3
2004-01-28 09:00:00,2004-01-28,0
2004-01-28 09:01:00,2004-01-28,0
2004-01-28 09:02:00,2004-01-28,0
2004-01-28 09:03:00,2004-01-28,0
2004-01-28 09:04:00,2004-01-28,0
2004-01-28 09:05:00,2004-01-28,0
2004-01-28 09:06:00,2004-01-28,0
2004-01-28 09:07:00,2004-01-28,0
2004-01-28 09:08:00,2004-01-28,0
2004-01-28 09:09:00,2004-01-28,0
2004-01-28 09:10:00,2004-01-28,0
2004-01-28 09:11:00,2004-01-28,0
2004-01-28 09:12:00,2004-01-28,0
2004-01-28 09:13:00,2004-01-28,0
2004-01-28 09:14:00,2004-01-28,0
2004-01-28 09:15:00,2004-01-28,0
2004-01-28 09:16:00,2004-01-28,0
2004-01-28 09:17:00,2004-01-28,0
2004-01-28 09:18:00,2004-01-28,0
2004-01-28 09:19:00,2004-01-28,0
2004-01-28 09:20:00,2004-01-28,0
2004-01-28 09:21:00,2004-01-28,0
2004-01-28 09:22:00,2004-01-28,0
2004-01-28 09:23:00,2004-01-28,0
2004-01-28 09:24:00,2004-01-28,0
2004-01-28 09:25:00,2004-01-28,0
2004-01-28 09:26:00,2004-01-28,0
2004-01-28 09:27:00,2004-01-28,0
2004-01-28 09:28:00,2004-01-28,0
2004-01-28 09:29:00,2004-01-28,0
2004-01-28 09:30:00,2004-01-28,0
2004-01-28 09:31:00,2004-01-28,0
2004-01-28 09:32:00,2004-01-28,0
2004-01-28 09:33:00,2004-01-28,0
2004-01-28 09:34:00,2004-01-28,0
2004-01-28 09:35:00,2004-01-28,0
2004-01-28 09:36:00,2004-01-28,0
2004-01-28 09:37:00,2004-01-28,0
2004-01-28 09:38:00,2004-01-28,0
2004-01-28 09:39:00,2004-01-28,0
2004-01-28 09:40:00,2004-01-28,0
2004-01-28 09:41:00,2004-01-28,0
2004-01-28 09:42:00,2004-01-28,0
2004-01-28 09:43:00,2004-01-28,0
2004-01-28 09:44:00,2004-01-28,0
2004-01-28 09:45:00,2004-01-28,0
2004-01-28 09:46:00,2004-01-28,0
2004-01-28 09:47:00,2004-01-28,0
2004-01-28 09:48:00,2004-01-28,0
2004-01-28 09:49:00,2004-01-28,0
2004-01-28 09:50:00,2004-01-28,0
2004-01-28 09:51:00,2004-01-28,0
2004-01-28 09:52:00,2004-01-28,0
2004-01-28 09:53:00,2004-01-28,0
2004-01-28 09:54:00,2004-01-28,0
2004-01-28 09:55:00,2004-01-28,0
2004-01-28 09:56:00,2004-01-28,0
2004-01-28 09:57:00,2004-01-28,0
2004-01-28 09:58:00,2004-01-28,0
2004-01-28 09:59:00,2004-01-28,0
2004-01-28 10:00:00,2004-01-28,0
2004-01-28 10:01:00,2004-01-28,0
2004-01-28 10:02:00,2004-01-28,0
2004-01-28 10:03:00,2004-01-28,0
2004-01-28 10:04:00,2004-01-28,0
2004-01-28 10:05:00,2004-01-28,0
2004-01-28 10:06:00,2004-01-28,0
2004-01-28 10:07:00,2004-01-28,0
2004-01-28 10:08:00,2004-01-28,0
2004-01-28 10:09:00,2004-01-28,0
2004-01-28 10:10:00,2004-01-28,0
2004-01-28 10:11:00,2004-01-28,0
2004-01-28 10:12:00,2004-01-28,0
2004-01-28 10:13:00,2004-01-28,0
2004-01-28 10:14:00,2004-01-28,0
2004-01-28 10:15:00,2004-01-28,0
2004-01-28 10:16:00,2004-01-28,0
2004-01-28 10:17:00,2004-01-28,0
2004-01-28 10:18:00,2004-01-28,0
2004-01-28 10:19:00,2004-01-28,0
2004-01-28 10:20:00,2004-01-28,0
2004-01-28 10:21:00,2004-01-28,0
2004-01-28 10:22:00,2004-01-28,0
2004-01-28 10:23:00,2004-01-28,0
2004-01-28 10:24:00,2004-01-28,0
2004-01-28 10:25:00,2004-01-28,0
2004-01-28 10:26:00,2004-01-28,0
2004-01-28 10:27:00,2004-01-28,0
2004-01-28 10:28:00,2004-01-28,0
2004-01-28 10:29:00,2004-01-28,0
2004-01-28 10:30:00,2004-01-28,0
2004-01-28 10:31:00,2004-01-28,0
2004-01-28 10:32:00,2004-01-28,0
2004-01-28 10:33:00,2004-01-28,0
2004-01-28 10:34:00,2004-01-28,0
2004-01-28 10:35:00,2004-01-28,0
2004-01-28 10:36:00,2004-01-28,0
2004-01-28 10:37:00,2004-01-28,0
2004-01-28 10:38:00,2004-01-28,0
2004-01-28 10:39:00,2004-01-28,0
2004-01-28 10:40:00,2004-01-28,0
2004-01-28 10:41:00,2004-01-28,0
2004-01-28 10:42:00,2004-01-28,0
2004-01-28 10:43:00,2004-01-28,0
2004-01-28 10:44:00,2004-01-28,0
2004-01-28 10:45:00,2004-01-28,0
2004-01-28 10:46:00,2004-01-28,0
2004-01-28 10:47:00,2004-01-28,0
2004-01-28 10:48:00,2004-01-28,0
2004-01-28 10:49:00,2004-01-28,0
2004-01-28 10:50:00,2004-01-28,0
2004-01-28 10:51:00,2004-01-28,0
2004-01-28 10:52:00,2004-01-28,0
2004-01-28 10:53:00,2004-01-28,0
2004-01-28 10:54:00,2004-01-28,0
2004-01-28 10:55:00,2004-01-28,0
2004-01-28 10:56:00,2004-01-28,0
2004-01-28 10:57:00,2004-01-28,0
2004-01-28 10:58:00,2004-01-28,0
2004-01-28 10:59:00,2004-01-28,0
2004-01-28 11:00:00,2004-01-28,0
2004-01-28 11:01:00,2004-01-28,0
2004-01-28 11:02:00,2004-01-28,0
2004-01-28 11:03:00,2004-01-28,0
2004-01-28 11:04:00,2004-01-28,0
2004-01-28 11:05:00,2004-01-28,0
2004-01-28 11:06:00,2004-01-28,0
2004-01-28 11:07:00,2004-01-28,0
2004-01-28 11:08:00,2004-01-28,0
2004-01-28 11:09:00,2004-01-28,0
2004-01-28 11:10:00,2004-01-28,0
2004-01-28 11:11:00,2004-01-28,0
2004-01-28 11:12:00,2004-01-28,0
2004-01-28 11:13:00,2004-01-28,0
2004-01-28 11:14:00,2004-01-28,0
2004-01-28 11:15:00,2004-01-28,0
2004-01-28 11:16:00,2004-01-28,0
2004-01-28 11:17:00,2004-01-28,0
2004-01-28 11:18:00,2004-01-28,0
2004-01-28 11:19:00,2004-01-28,74
2004-01-28 11:20:00,2004-01-28,0
2004-01-28 11:21:00,2004-01-28,0
2004-01-28 11:22:00,2004-01-28,0
2004-01-28 11:23:00,2004-01-28,0
2004-01-28 11:24:00,2004-01-28,0
2004-01-28 11:25:00,2004-01-28,12
2004-01-28 11:26:00,2004-01-28,0
2004-01-28 11:27:00,2004-01-28,0
2004-01-28 11:28:00,2004-01-28,0
2004-01-28 11:29:00,2004-01-28,0
2004-01-28 11:30:00,2004-01-28,0
2004-01-28 11:31:00,2004-01-28,0
2004-01-28 11:32:00,2004-01-28,0
2004-01-28 11:33:00,2004-01-28,0
2004-01-28 11:34:00,2004-01-28,103
2004-01-28 11:35:00,2004-01-28,0
2004-01-28 11:36:00,2004-01-28,0
2004-01-28 11:37:00,2004-01-28,0
2004-01-28 11:38:00,2004-01-28,0
2004-01-28 11:39:00,2004-01-28,0
2004-01-28 11:40:00,2004-01-28,0
2004-01-28 11:41:00,2004-01-28,0
2004-01-28 11:42:00,2004-01-28,306
2004-01-28 11:43:00,2004-01-28,0
2004-01-28 11:44:00,2004-01-28,0
2004-01-28 11:45:00,2004-01-28,0
2004-01-28 11:46:00,2004-01-28,0
2004-01-28 11:47:00,2004-01-28,0
2004-01-28 11:48:00,2004-01-28,0
2004-01-28 11:49:00,2004-01-28,0
2004-01-28 11:50:00,2004-01-28,0
2004-01-28 11:51:00,2004-01-28,0
2004-01-28 11:52:00,2004-01-28,0
2004-01-28 11:53:00,2004-01-28,0
2004-01-28 11:54:00,2004-01-28,0
2004-01-28 11:55:00,2004-01-28,0
2004-01-28 11:56:00,2004-01-28,0
2004-01-28 11:57:00,2004-01-28,0
2004-01-28 11:58:00,2004-01-28,0
2004-01-28 11:59:00,2004-01-28,0
2004-01-28 12:00:00,2004-01-28,0
2004-01-28 12:01:00,2004-01-28,0
2004-01-28 12:02:00,2004-01-28,0
2004-01-28 12:03:00,2004-01-28,0
2004-01-28 12:04:00,2004-01-28,0
2004-01-28 12:05:00,2004-01-28,0
2004-01-28 12:06:00,2004-01-28,0
2004-01-28 12:07:00,2004-01-28,0
2004-01-28 12:08:00,2004-01-28,0
2004-01-28 12:09:00,2004-01-28,0
2004-01-28 12:10:00,2004-01-28,0
2004-01-28 12:11:00,2004-01-28,0
2004-01-28 12:12:00,2004-01-28,0
2004-01-28 12:13:00,2004-01-28,0
2004-01-28 12:14:00,2004-01-28,0
2004-01-28 12:15:00,2004-01-28,0
2004-01-28 12:16:00,2004-01-28,0
2004-01-28 12:17:00,2004-01-28,0
2004-01-28 12:18:00,2004-01-28,0
2004-01-28 12:19:00,2004-01-28,0
2004-01-28 12:20:00,2004-01-28,0
2004-01-28 12:21:00,2004-01-28,0
2004-01-28 12:22:00,2004-01-28,0
2004-01-28 12:23:00,2004-01-28,0
2004-01-28 12:24:00,2004-01-28,62
2004-01-28 12:25:00,2004-01-28,0
2004-01-28 12:26:00,2004-01-28,0
2004-01-28 12:27:00,2004-01-28,19
2004-01-28 12:28:00,2004-01-28,0
2004-01-28 12:29:00,2004-01-28,0
2004-01-28 12:30:00,2004-01-28,0
2004-01-28 12:31:00,2004-01-28,0
2004-01-28 12:32:00,2004-01-28,0
2004-01-28 12:33:00,2004-01-28,0
2004-01-28 12:34:00,2004-01-28,0
2004-01-28 12:35:00,2004-01-28,0
2004-01-28 12:36:00,2004-01-28,0
2004-01-28 12:37:00,2004-01-28,0
2004-01-28 12:38:00,2004-01-28,0
2004-01-28 12:39:00,2004-01-28,0
2004-01-28 12:40:00,2004-01-28,0
2004-01-28 12:41:00,2004-01-28,0
2004-01-28 12:42:00,2004-01-28,0
2004-01-28 12:43:00,2004-01-28,0
2004-01-28 12:44:00,2004-01-28,0
2004-01-28 12:45:00,2004-01-28,0
2004-01-28 12:46:00,2004-01-28,0
2004-01-28 12:47:00,2004-01-28,0
2004-01-28 12:48:00,2004-01-28,0
2004-01-28 12:49:00,2004-01-28,0
2004-01-28 12:50:00,2004-01-28,0
2004-01-28 12:51:00,2004-01-28,0
2004-01-28 12:52:00,2004-01-28,0
2004-01-28 12:53:00,2004-01-28,0
2004-01-28 12:54:00,2004-01-28,6
2004-01-28 12:55:00,2004-01-28,160
2004-01-28 12:56:00,2004-01-28,0
2004-01-28 12:57:00,2004-01-28,0
2004-01-28 12:58:00,2004-01-28,7
2004-01-28 12:59:00,2004-01-28,0
2004-01-28 13:00:00,2004-01-28,0
2004-01-28 13:01:00,2004-01-28,0
2004-01-28 13:02:00,2004-01-28,4
2004-01-28 13:03:00,2004-01-28,9
2004-01-28 13:04:00,2004-01-28,6
2004-01-28 13:05:00,2004-01-28,0
2004-01-28 13:06:00,2004-01-28,0
2004-01-28 13:07:00,2004-01-28,0
2004-01-28 13:08:00,2004-01-28,0
